0.5500 0.8200 66.2718
0.9100 1.1800 63.2663
1.2700 1.5400 64.4189
1.6600 1.9300 66.1274
2.0300 2.2900 68.4260
2.4000 2.6500 66.5981
2.7500 3.0300 64.5083
3.1600 3.3900 61.2483
3.4800 3.7300 63.1346
3.8200 4.3500 64.3379
4.4600 4.5800 66.7444
4.6400 4.8000 64.9034
4.8500 5.1200 63.3337
5.1900 5.4900 59.9032
5.5800 5.8400 61.5905
5.9400 6.5600 63.5115
6.6600 6.9400 64.9041
7.0600 7.3300 66.5260
7.4400 7.6800 64.8225
7.7900 8.0400 63.5408
8.1700 8.4700 63.3692
8.5900 9.0300 61.9219
9.5900 9.8600 59.4941
10.0000 10.2700 67.5372
10.3700 10.6400 65.3502
10.7700 11.6700 64.1988
11.8000 12.0200 62.0296
12.1900 12.3900 59.6671
12.5600 12.8200 67.2806
12.9200 13.1400 65.4295
13.2800 14.0900 64.0747
14.2000 14.3200 62.1736
14.7300 14.9200 59.6617
15.0500 15.2000 59.9680
15.2400 15.3500 61.6868
15.4300 15.5400 63.2827
15.6000 15.7500 64.9426
15.8600 16.1300 66.5405
16.2100 16.3500 67.8301
16.4400 16.5700 65.3325
16.6500 16.9300 63.2224
17.0300 17.2900 64.7389
17.4100 17.7100 61.5339
17.7700 17.9200 61.6928
17.9800 18.1200 60.1673
18.1900 19.0100 59.3964
