1.1600 1.5600 67.6882
1.7300 2.2000 64.1600
2.3700 2.8500 64.7270
3.0500 3.5400 67.2160
3.6500 4.0900 69.0147
4.2600 4.4600 67.2259
4.8900 5.3300 65.2807
5.5600 6.0100 62.2520
6.1400 6.6000 64.0165
6.7600 7.4400 65.6017
8.0000 8.4000 67.3312
8.5800 9.0200 65.5034
9.4000 9.8500 64.4454
10.0000 10.5200 60.4762
10.6500 11.0900 62.6290
11.2600 12.3400 64.3882
12.5000 12.6900 65.3264
13.1500 13.6000 67.1842
13.7200 14.2000 65.1528
14.3200 14.8000 64.2036
14.9100 15.3600 64.3572
15.5100 16.0700 62.4228
17.9400 18.4000 59.9627
18.5500 19.0500 67.0906
19.1800 19.7600 64.7036
19.9200 20.6100 64.0520
21.1600 21.6900 62.0924
21.8000 22.2600 60.0655
22.4400 22.8800 67.2618
23.0300 23.5700 65.1196
23.6600 24.3600 64.2562
24.8600 25.4000 61.8281
25.5200 26.0600 60.2751
26.1300 26.3700 60.5375
26.4600 26.7000 62.5227
26.7800 27.0300 63.9319
27.1400 27.3700 64.9445
27.5700 28.3100 66.6123
29.0200 29.2800 68.6923
29.3800 29.6600 66.4346
29.7600 30.3300 63.6700
30.4400 31.0000 64.4918
31.1100 31.4500 61.7043
31.8300 32.1000 61.8205
32.1800 32.4600 59.6102
32.5200 34.7100 59.8106
