1.5400 2.4200 67.2210
2.5700 4.0200 61.8001
4.2100 4.6500 67.2074
4.7900 5.5000 66.5111
5.5400 5.8500 67.7832
5.9400 7.0600 69.1005
7.5700 7.8700 69.3329
7.9300 8.1500 67.5294
8.2900 8.5000 66.4506
8.6000 8.8100 64.5013
8.9600 9.1300 66.5679
9.2200 9.4600 67.6267
9.5600 9.7900 69.0956
9.8500 10.1000 67.9831
10.1600 10.3900 69.1298
10.4600 10.6600 70.8507
10.7900 11.0500 64.0577
11.7300 12.2500 76.5471
12.4300 13.8000 71.7644
14.5400 14.9000 66.1472
15.6700 16.4400 75.8789
16.6100 18.2800 68.6602
18.3600 18.5400 71.1154
18.6000 18.8000 72.0554
18.9600 19.6100 73.7471
19.6900 19.9000 70.7392
20.0200 21.0800 66.8262
22.2100 22.6800 69.0430
22.7700 22.9900 70.8751
23.1300 23.3600 71.7542
23.4600 23.7600 68.9951
23.8900 24.1300 65.7706
24.2900 24.5400 61.2676
24.6800 24.9700 66.0194
25.0400 25.3700 69.1372
25.4700 26.1500 70.8493
26.2600 26.5100 69.0480
26.5900 28.5800 67.1099
