1.9800 2.5700 62.9134
2.7600 3.1900 64.1519
3.3800 4.2900 67.1029
4.4600 5.0800 66.9530
5.5200 5.9000 63.1389
6.0500 6.4300 64.3675
6.6100 7.5300 67.5744
7.7200 8.2900 67.4435
8.8200 9.2000 65.3116
9.2500 9.6600 64.1814
9.8300 10.1600 62.3647
10.2600 10.6600 61.0754
10.7500 11.2000 62.3899
11.7500 12.1200 65.6355
12.2300 12.5600 64.2441
12.7100 13.0600 62.1493
13.1700 13.5400 60.7186
13.6300 14.0200 62.5459
14.5500 14.9100 64.4834
15.0300 15.3600 65.3487
15.5200 16.3000 67.4203
16.4700 16.8500 64.6017
17.3500 18.1900 69.9999
18.2900 19.0700 70.1610
19.2600 20.6500 68.3978
21.2900 21.6200 67.3048
21.8200 22.1000 65.4558
22.2800 23.0900 63.8917
23.2300 23.6900 63.8459
24.1600 24.6400 62.1938
24.6800 25.0800 62.0576
25.2100 26.4600 60.1944
