1.9400 3.5500 66.2969
3.7800 4.4600 64.1795
4.6300 5.2600 62.8736
5.4600 5.9700 65.8436
6.5000 7.2100 71.3661
7.3800 7.9600 70.3833
8.1100 8.8200 68.3914
8.9800 9.6700 69.9738
9.7800 10.5000 71.0095
10.6400 11.2600 66.1927
12.4900 13.1100 66.7643
13.5500 15.0200 66.7072
15.1800 15.7800 64.6460
15.9100 16.2300 62.9442
16.7300 17.5000 66.9441
17.5700 18.2800 71.3867
18.4500 19.0000 69.6279
19.1600 19.8100 68.0359
19.9600 20.5700 70.0640
20.6300 21.8200 71.1598
22.9600 23.5500 74.4967
23.8100 24.4600 66.2278
24.6700 25.0200 66.3534
25.5800 25.8800 66.7910
26.0300 26.3600 66.4316
26.5200 26.8300 66.4682
26.9700 27.2500 66.4186
27.4300 27.7900 66.9679
28.2400 28.8900 73.8533
29.1300 29.8700 66.1971
30.0600 30.4500 66.4766
30.9900 31.3000 66.0915
31.4500 31.7600 66.5652
31.8900 32.2600 66.4571
32.4200 32.7200 66.5339
32.8900 33.2500 66.5354
33.8200 35.4300 66.9299
35.6100 36.3400 64.3601
36.5200 36.8200 63.1466
38.0100 38.7600 67.0435
38.8500 39.6500 71.0668
39.7900 40.3700 70.0792
40.5000 41.2500 67.8290
41.4500 42.0800 69.6434
42.1700 44.0700 70.9235
