0.5300 0.8100 66.6094
0.9100 1.1700 64.0838
1.2900 1.5800 65.5303
1.7100 2.0100 67.2105
2.0800 2.4000 69.0622
2.5100 2.8100 67.5401
2.9500 3.2400 65.4734
3.3800 3.6900 62.2511
3.7800 4.0900 64.3315
4.1900 4.8800 65.5240
5.0000 5.1500 67.3221
5.2500 5.4000 65.8458
5.4900 5.8600 64.2207
5.9100 6.3300 60.2911
6.4000 6.7200 62.1079
6.8000 7.2900 64.0661
7.8300 8.1800 66.0200
8.2900 8.6500 67.0832
8.7700 9.0700 65.2553
9.2000 9.5300 64.3355
9.6200 10.0400 63.9077
10.0900 10.5300 62.1115
11.1800 11.4900 60.7828
11.6100 11.9300 67.6237
12.0300 12.3700 65.7154
12.4300 13.5200 64.1646
13.5600 13.8300 61.8097
14.0000 14.2300 59.8629
14.4100 14.7000 66.8389
14.8400 15.1400 64.9224
15.2600 16.2600 63.3152
16.3100 16.4000 61.8645
16.7900 16.9600 59.9917
17.1600 17.3500 60.6135
17.3700 17.5000 61.9726
17.6000 17.7000 63.4218
17.8000 17.9400 65.1040
18.0800 18.4000 67.5079
18.4600 18.6300 68.7281
18.7200 18.8900 65.9434
18.9200 19.2200 63.7213
19.3700 19.6700 64.2670
19.7500 20.1200 61.1596
20.1400 20.2900 61.1618
20.3900 20.5100 59.4606
20.6300 21.3600 59.9020
