2.4100 3.7900 64.7865
3.9700 4.2300 64.9141
4.3300 4.6300 63.8989
4.7300 5.0300 61.8323
5.2000 5.5500 59.9779
6.0700 7.5500 68.9258
7.7800 8.9300 66.8634
9.5000 9.7900 64.9209
9.8600 10.1800 64.1437
10.2700 11.0500 61.7760
11.1700 11.8700 63.8084
12.0200 12.4200 64.8325
13.0400 14.6600 64.0626
14.7700 15.7800 61.8116
16.4000 17.1300 59.1517
17.2100 17.8100 61.6587
18.0300 19.4000 59.8393
20.3400 21.1100 63.9755
21.1300 21.4500 63.9165
21.5200 22.2800 61.7283
22.5700 23.8700 55.1541
24.5700 25.2200 63.7074
25.3400 25.9800 64.5574
26.1900 27.6200 66.5870
27.8800 28.4300 66.4335
28.6300 29.2500 59.7555
29.7400 30.4400 61.6465
30.6000 31.1800 59.5746
31.6800 32.6300 66.6704
32.8900 33.4100 66.6456
33.6600 34.4700 59.9858
34.6600 35.3600 59.8214
35.9800 36.5000 64.3261
36.5900 37.1400 63.8935
37.1900 37.7100 61.6644
37.8300 38.5000 59.8087
38.6500 39.7500 61.6974
40.2500 41.0600 60.0295
41.2300 42.0400 59.8992
42.4200 43.1200 57.2102
43.3200 45.7200 59.8427
