1.2400 2.0400 61.1345
2.0900 2.5700 61.2440
2.6000 2.9300 63.2371
3.1100 3.9200 65.3862
4.0400 4.4400 63.2181
4.4900 4.8900 61.3377
4.9500 7.1000 61.3717
8.3600 9.1300 61.2588
9.2200 9.5900 61.2764
9.6500 9.9300 63.2718
10.0800 10.8100 65.2485
10.9200 11.3300 63.2325
11.4400 11.7700 61.4441
11.8500 13.6400 61.3763
15.1600 16.3900 61.2906
16.4300 16.7600 63.5781
16.9400 17.9500 65.4315
18.5100 19.2900 65.4872
19.4400 19.7300 63.6849
19.9000 20.1900 65.6262
20.4200 21.6000 67.0679
22.2200 23.2600 66.7610
23.4200 23.8200 63.4000
24.0700 24.6900 65.2450
25.0900 25.4400 63.6305
25.5400 25.8600 61.6108
25.9400 27.1100 61.7753
