1.2000 1.6600 60.2810
1.7600 2.2100 68.5061
2.3300 2.7400 66.6853
2.9000 3.3100 64.7958
3.4500 4.6100 60.0016
5.5000 5.9600 60.3787
6.0400 6.4900 68.9444
6.5800 6.9800 66.8290
7.0800 7.5000 64.7860
7.6300 8.9300 61.8693
9.5300 9.9400 61.7886
10.1500 10.5400 70.2912
10.6300 11.0400 68.7210
11.1700 11.5600 67.1306
11.6800 12.6400 63.9895
13.5800 14.0300 72.6115
14.0800 14.5000 72.7546
14.6300 14.9800 70.8103
15.1000 15.5500 66.7149
15.6200 16.6300 68.8112
17.4800 17.8900 61.1874
17.9700 18.4200 69.0900
18.4900 18.8700 66.7923
18.9800 19.3600 64.5737
19.4700 20.5000 59.8461
21.3600 21.7500 60.3391
21.8600 22.2900 68.8366
22.4000 22.7700 67.0002
22.8800 23.2500 64.6921
23.3900 24.3400 61.7572
25.2200 25.6500 61.7706
25.8000 26.2000 70.1946
26.2700 26.6500 68.4010
26.7600 27.1200 66.7280
27.2600 27.6700 71.7830
27.7200 28.1600 72.0763
28.2200 29.1100 72.0500
29.2000 29.5700 74.0387
29.6500 30.0100 71.9649
30.1400 30.5000 69.7970
30.6200 31.0200 46.4775
31.6200 32.0700 73.5771
32.1200 32.5000 72.1388
32.6100 32.9500 70.5452
33.0800 33.3900 65.8722
33.5800 34.2500 65.6278
