1.9500 2.6300 59.8841
2.7300 3.1100 60.2436
3.2300 3.5000 62.8200
3.7000 4.4100 65.3626
4.5600 4.9100 62.6249
4.9900 5.3500 60.5627
5.4300 7.4500 60.4412
8.8500 9.6800 60.3196
9.7400 10.1000 60.4366
10.1700 10.5000 62.6012
10.6800 11.4100 65.5686
11.5600 11.8700 62.3887
11.9700 12.3200 60.5161
12.3900 14.1100 60.5391
15.7800 17.0000 60.4865
17.0700 17.3700 62.7688
17.5500 18.6100 65.4967
19.1900 19.8400 65.5309
20.0200 20.2700 62.4357
20.4100 20.6900 65.3592
20.8700 21.9200 67.5549
22.5300 23.6000 67.2861
23.7800 24.0400 61.8584
24.2000 24.8700 65.5119
24.9800 25.3200 62.2626
25.3900 25.7200 60.4732
25.8000 27.4200 60.5500
