1.2000 2.1100 43.1760
2.1400 2.4500 43.0723
2.6000 2.9900 51.8803
3.0600 4.5400 50.5463
4.6800 5.4200 48.8171
5.4900 5.8000 51.8807
5.9200 6.2000 45.9791
6.3500 7.3600 45.8168
7.9200 8.5400 42.7495
8.6400 9.0000 32.7439
9.0400 9.4100 35.9680
9.4700 10.1000 38.8507
10.2500 10.5700 44.0441
10.6200 11.0000 34.7113
11.1000 13.3000 35.1236
14.1000 14.7900 44.3349
14.9400 15.1800 39.3374
15.3100 15.6500 45.7985
15.7300 16.6600 50.0510
16.8300 17.2200 47.8521
17.3000 18.0000 45.5264
18.1100 18.6200 49.1716
18.7100 18.8900 47.1039
19.0200 20.0800 47.7972
20.6900 21.2600 46.5064
21.4100 21.7500 47.7326
21.8500 22.0800 43.2305
22.2700 23.2300 43.9933
23.3700 23.8200 39.9701
23.8800 26.0600 36.0838
26.7600 27.5600 49.1281
27.6800 28.3500 48.8395
28.4500 29.5700 49.7688
30.0800 30.7800 47.7612
30.8800 31.1300 45.7277
31.2900 31.6000 47.7706
31.6800 32.6900 48.9761
33.0900 33.3900 46.3129
33.5200 33.8000 47.7046
33.8800 34.1900 48.9829
34.2600 34.5000 45.4318
34.6900 35.1200 46.1566
35.3800 35.6800 43.1760
35.8000 36.0700 38.9372
36.1500 36.5000 30.9412
36.5900 38.5000 32.3933
39.2400 39.9000 43.3688
39.9900 40.2600 43.1760
40.3700 40.6700 44.1120
40.7600 41.6900 48.2117
41.8200 42.1400 47.0799
42.2300 42.8800 48.6838
42.9800 43.4100 51.9880
43.5000 43.6700 51.9319
43.8000 44.6700 45.6722
45.2100 45.7900 50.9036
45.9700 46.2300 36.0644
46.3400 46.5800 38.8251
46.7400 47.5800 40.4990
47.7600 48.1100 35.2131
48.1500 50.1000 33.6295
