1.4600 2.5000 58.3615
2.5900 3.1200 58.3397
3.1300 3.6100 59.8136
3.7600 4.5100 62.7319
4.8900 5.5000 61.1253
5.6100 6.1000 58.3696
6.1900 9.1000 58.1769
10.4700 11.4800 58.2688
11.5600 12.0900 58.2231
12.1300 12.6000 60.0041
12.7200 13.3700 62.8579
13.8000 14.2600 61.2440
14.3600 14.8500 58.6222
14.9500 17.4800 58.4374
18.8500 20.2000 58.2039
20.2600 20.6700 59.7785
20.8100 22.3200 62.3795
22.9100 23.9100 62.9395
24.0300 24.4500 60.1400
24.5300 24.9500 62.5007
25.1500 26.6300 65.9832
27.3200 28.5500 66.3258
28.6700 29.1000 60.9990
29.2000 29.8500 62.9255
30.3600 30.8000 61.5648
30.9100 31.3700 59.1481
31.4600 33.5800 58.8624
