1.1300 1.9600 67.1205
2.0500 2.8200 71.9254
3.0400 4.4400 66.9190
4.8100 5.3800 62.3076
5.6200 6.8400 66.9961
7.4000 8.1100 75.2437
8.2300 9.3800 72.0364
9.9100 10.6300 73.9255
10.6300 11.0000 74.0446
11.1000 11.3900 76.0696
11.4700 12.6500 73.7146
12.7500 13.2500 72.0482
13.4600 14.1300 70.9104
14.1800 14.8200 73.5059
14.9900 15.8800 66.6592
16.4000 17.1100 63.8741
17.2300 17.8200 71.4782
17.9800 19.2900 68.8009
19.4400 19.8300 66.5302
20.1200 20.8300 64.6227
20.9200 21.4700 68.7570
21.5500 22.4200 61.9827
23.1400 23.6800 66.4907
23.7000 23.8800 68.8617
24.0000 24.2800 66.6365
24.3800 24.7400 64.8257
24.8500 25.1700 63.8482
25.3400 25.6800 65.1954
25.7700 26.4200 61.7378
26.5200 28.8500 59.9011
30.1000 30.8100 66.9072
30.9100 31.5600 72.1332
31.7900 32.9200 66.9202
33.0100 33.3300 63.5611
33.4900 34.1800 66.9914
34.3900 35.0100 75.8975
35.1200 36.1900 71.7734
36.8300 37.5500 73.9750
37.5800 37.9100 73.9534
38.0000 38.3000 75.7763
38.3800 39.4700 73.7940
39.5400 39.8400 72.4046
40.0400 40.7100 70.9537
40.7600 41.3700 73.6894
41.5800 42.5300 66.5482
43.0600 43.7300 63.7929
43.8400 44.5100 71.5517
44.6200 45.6700 68.8075
45.8200 46.1200 67.1302
46.2700 47.0000 64.9537
47.6800 48.1700 69.2323
48.4300 49.2900 62.1897
50.0000 50.5000 66.9000
50.5400 50.7100 68.9211
50.8400 51.1600 66.8894
51.2800 51.5600 64.7841
51.6900 52.0000 64.0339
52.2300 52.5200 66.7005
52.6300 53.3200 61.8867
53.4500 55.7900 60.0133
57.2100 57.7700 66.6320
57.8900 58.3700 67.0039
58.4200 58.7200 66.8987
58.8400 59.5000 72.0398
59.6100 60.0000 74.6110
