6.0900 6.6300 54.9980
6.7500 7.1000 58.8198
7.1600 7.5100 55.4972
7.6700 8.0700 53.2977
8.2000 9.2400 50.2795
9.7800 10.1800 55.4507
10.2900 10.6300 58.7837
10.6900 11.0300 55.3233
11.1800 11.5700 53.0064
11.7200 12.6800 49.9134
13.4200 13.8200 54.8258
13.9600 14.3400 59.0694
14.3600 14.8500 55.6125
14.9700 15.2100 53.2729
15.4300 15.9000 49.9642
16.0800 17.6100 53.3253
19.2300 19.9600 50.4697
20.0600 20.4700 50.4271
20.5700 20.6600 52.5745
21.1000 21.8400 50.2313
21.9500 22.3200 50.1506
22.4300 22.8200 53.2350
22.8700 23.6200 55.1928
23.6600 24.0300 55.4701
24.1000 24.2800 59.0691
24.6500 25.0000 55.0076
25.2300 25.3900 58.0804
26.3300 26.6300 55.3500
26.6800 27.0000 58.4673
27.1900 27.5000 54.6801
27.6200 28.1100 52.7696
28.2400 29.1400 49.8626
29.9500 30.3500 47.3068
30.3600 30.7400 48.9761
30.8600 31.7200 51.0596
32.4400 32.8000 48.5159
32.8600 33.2100 46.6381
33.4300 34.3500 31.7827
34.4600 35.4800 47.0934
37.1200 37.8000 50.5829
37.8800 38.2000 50.6711
38.2300 38.5800 48.4221
38.7000 39.4000 46.8916
39.4300 40.0500 48.9545
40.1700 40.7700 51.1742
40.8500 41.1500 49.0962
41.2300 41.5100 51.4597
41.6700 42.4800 54.1748
43.4300 43.7500 48.5280
43.7800 44.0500 50.1902
44.1700 44.4500 53.7302
45.4200 45.6000 46.1787
45.8100 46.1300 46.7085
46.1500 46.4500 48.5882
46.5600 47.4200 50.7651
47.9000 48.2600 48.4961
48.3000 48.6000 46.6739
49.0600 49.6600 54.8799
49.8100 51.2500 46.8690
