1.3200 2.0700 64.2212
2.1900 2.9500 64.5759
3.0500 3.8200 64.5536
3.9400 4.7700 64.5381
4.7900 5.1400 64.7074
5.8700 6.2800 62.9204
6.3900 6.7300 64.8204
6.9100 8.1700 67.6522
8.7400 9.0800 69.2031
9.2200 9.5700 67.0259
9.6800 10.2400 64.4790
10.3800 10.6000 67.1224
10.6900 11.0700 64.2411
11.1300 11.5600 61.9351
11.6900 12.3200 59.8709
12.8400 13.2900 61.8422
13.3900 13.8900 64.2227
13.9700 14.7700 64.3962
14.8700 15.2800 64.6058
15.9100 16.3100 62.3445
16.3700 16.7900 64.6585
16.9200 17.3400 62.4329
17.4100 17.7500 60.5405
17.9100 18.3000 57.2448
18.4800 18.9100 55.3500
19.0100 19.7100 57.4275
20.2700 20.7800 59.5729
21.6400 22.1200 57.6986
22.2800 22.7700 55.9687
22.7700 23.5000 57.8377
23.7000 25.7600 56.2278
