0.1700 0.7100 62.0521
0.8000 1.2000 66.6770
1.3500 1.7500 65.7521
1.7600 2.3500 63.8363
2.5100 2.9500 63.0277
2.9600 3.1000 63.3737
3.7100 4.4300 70.8790
4.6800 5.5400 71.5881
5.6200 6.1400 70.6952
7.1000 7.5500 69.0098
7.6300 8.4300 66.9415
8.6500 9.1000 66.1127
9.5500 9.9700 63.8681
10.1000 10.7800 66.0339
10.9700 11.4300 61.6292
11.5200 12.1200 58.9626
13.8800 14.6300 63.5699
14.8500 15.3900 63.6794
15.5400 15.9600 68.9075
16.0200 16.3800 66.9338
16.4900 16.9100 65.9534
16.9100 17.3700 63.7411
17.4800 17.9200 65.8313
17.9700 18.5400 66.7684
19.2300 19.9200 73.8762
20.1200 20.6700 71.9987
21.5400 22.0800 70.8615
22.1200 22.4800 69.7551
22.5100 23.0000 70.9065
23.0300 23.4300 71.0291
23.5000 23.8300 67.0121
24.0800 24.4600 61.8778
24.5700 25.5000 63.8175
