1.3000 2.2000 68.3844
2.3300 2.7000 65.5139
2.8400 3.2000 68.1406
3.4900 4.9400 72.8297
5.6900 6.4800 69.0624
6.7200 7.0800 72.8994
7.1300 7.5100 69.7671
7.7000 8.5900 67.8427
9.6400 10.4200 68.0920
10.5800 10.9500 61.8677
11.0400 11.4300 63.9354
11.5600 12.4000 66.2695
12.4800 12.8800 64.2096
12.9600 13.5000 62.5267
13.5800 16.5800 64.5540
17.3900 18.2400 68.0424
18.3300 18.6800 65.4858
18.8100 19.1200 68.0309
19.3300 20.6500 72.7953
20.7800 21.2000 71.8713
21.2200 22.0900 69.6024
22.2600 22.7800 73.0690
22.7900 23.1400 70.2001
23.3200 24.4200 67.6766
25.2400 26.4100 67.3130
26.5400 26.9600 61.6665
27.0500 27.5000 63.9159
27.6300 28.7700 65.4192
28.8200 29.2700 61.9399
29.3700 31.9900 60.3844
32.8100 33.6700 68.9783
33.8100 34.6600 72.8159
34.8000 36.3000 72.9242
36.8000 37.5000 72.2246
37.5200 37.9600 70.4035
38.0700 38.4700 72.3153
38.5600 39.8300 73.2746
40.5400 40.9400 70.3173
41.0500 41.5000 72.9684
41.5900 41.9700 73.4633
41.9900 42.4500 70.5308
42.4700 42.9100 69.8599
43.0700 43.4900 67.7219
43.6400 44.1100 65.0197
44.1800 44.7000 61.8844
44.7300 47.0400 63.1008
47.9700 48.8800 70.7276
48.9800 49.3300 67.5258
49.4500 49.8000 70.8250
50.0000 51.3700 74.2234
51.3900 51.9000 72.9451
52.0000 52.8700 70.4918
53.0200 53.4300 73.7627
53.4800 53.8700 71.0166
54.0400 55.1800 68.7842
56.0600 56.8900 68.2832
57.0300 57.4200 63.4481
57.4700 57.9000 65.3244
58.0300 59.4200 66.6798
59.6100 60.1300 61.4319
60.2100 63.2500 62.0272
