1.0200 1.5100 61.5102
1.6400 2.5100 66.7404
2.7100 3.1700 70.8036
3.3200 4.0600 67.0976
4.9500 5.9100 67.2532
6.0600 6.5400 70.8113
6.6200 7.4400 69.1654
8.1600 8.6500 67.4195
8.7500 9.1000 69.2733
9.2200 9.6400 71.1252
9.7500 10.7500 63.9750
11.3400 12.2700 62.4253
12.4100 12.8900 70.5942
12.9900 13.8700 68.8251
14.1300 14.5600 70.9339
14.7000 15.4600 66.7508
16.3400 16.9300 63.7044
17.4800 18.3300 66.9217
19.0800 19.8000 63.7306
20.6800 21.5800 62.1453
21.7600 22.5100 70.9963
22.8300 23.9700 69.0455
24.7800 25.2500 67.0171
25.3400 25.7000 69.2777
25.8300 26.2700 70.9218
26.3500 27.3700 63.9377
27.8200 28.7700 61.7386
28.9600 29.3700 69.7954
29.4100 30.5000 68.7812
