1.0400 1.3900 67.1851
1.4400 1.7000 69.0981
1.7400 2.0800 71.0000
2.2100 2.4900 75.4841
2.6400 3.5800 73.5197
3.7700 4.1200 65.9515
4.1900 4.4800 63.8036
4.6300 4.9200 65.8400
4.9800 5.2900 66.7698
5.4500 5.7900 71.5800
5.8700 6.5000 70.6971
7.1500 7.4700 61.5091
7.5700 7.8600 60.7310
8.0000 8.3100 62.6531
8.4600 8.7800 60.6790
8.8100 9.1200 63.8108
9.2200 9.5500 66.9048
9.6000 10.0000 70.2821
10.0500 10.7000 68.7432
11.2500 11.5300 67.0905
11.6900 12.0200 65.8691
12.0900 12.4000 66.8692
12.4300 12.7400 64.1176
12.9200 13.1700 66.1941
13.3400 13.7800 61.4416
14.1400 14.5100 65.4726
14.9800 15.3000 66.8783
15.3500 15.6600 68.8798
15.7300 16.0200 71.0962
16.1400 16.4300 75.4166
16.5700 17.5400 73.4980
17.6700 18.0600 74.3561
18.0600 18.3400 75.4435
18.4800 18.7600 63.6805
19.0600 19.3500 74.7752
19.4400 19.8000 65.4815
19.8600 20.1600 68.3457
20.2200 20.5400 70.0277
20.6800 21.2600 70.6527
22.0900 22.3700 71.6912
22.5000 22.7600 73.0370
23.0000 23.2400 64.5052
23.3200 23.7000 65.5928
23.7500 24.0600 67.5971
24.1500 24.4600 69.6494
24.5600 24.8500 65.5609
24.9600 25.2200 62.3753
25.3700 25.6400 60.4344
25.7900 26.0700 59.5932
26.2200 26.4600 60.8386
26.6300 26.9400 69.7602
26.9900 27.3100 67.7255
27.4500 28.1100 65.7513
