1.9400 2.7500 67.1892
2.7700 3.1500 64.0925
3.1700 3.5100 61.9835
3.6500 3.9000 59.6743
3.9700 4.2200 62.1339
4.3100 4.5500 64.5137
4.7100 5.2200 67.3439
5.4200 6.3400 67.3244
6.7700 7.0100 69.4616
7.1600 7.4300 71.6789
7.5700 8.5200 69.4111
8.6400 8.9200 71.8971
9.0600 9.3300 67.7943
9.3700 9.6400 69.7524
9.7800 10.0000 67.4172
10.1400 10.3700 64.4246
10.5000 11.0900 62.5009
11.1500 12.6100 62.5005
13.5000 14.0700 57.3505
14.2900 14.6500 61.7435
14.9700 15.7700 57.7150
15.9500 16.2600 67.8005
16.3400 16.9700 64.6027
17.0100 17.7900 62.2569
18.2000 18.7300 62.0662
18.7700 19.3300 64.2113
19.4800 20.0300 59.2695
20.1200 20.5700 58.2089
20.5800 20.8700 57.6218
21.5200 21.8000 61.9844
21.8100 22.5300 62.1416
22.8400 22.9800 57.1372
23.2800 23.6100 62.3673
23.6300 24.3000 61.9324
24.3700 24.6700 57.3345
24.8600 25.5000 59.2867
25.5400 26.0600 57.3160
26.2500 27.2100 55.1159
