1.5700 2.2900 60.0311
2.5300 3.3600 68.8604
3.4900 4.2800 66.8529
4.4100 5.1600 65.0544
5.2900 6.5400 60.1381
7.0600 7.7700 59.9347
7.8500 8.5100 68.7788
8.6500 9.2200 67.0370
9.3900 10.0000 65.0977
10.0800 11.2500 61.8560
11.6700 12.2600 61.8422
12.4500 13.1700 69.9381
13.1900 13.8100 68.9820
13.9600 14.5400 67.0421
14.6100 15.6100 64.0854
16.0300 16.6700 71.9931
16.7200 17.3600 71.9542
17.4800 18.0000 70.1286
18.1600 18.8000 66.9232
18.8100 20.9300 68.7485
21.4700 21.9800 60.1783
22.0900 22.6700 68.9023
22.7800 23.3700 66.9949
23.4600 24.0500 65.0790
24.1600 26.1600 60.1292
26.6600 27.1800 59.9061
27.2700 27.8000 68.8930
27.9200 28.4000 66.9573
28.5300 29.0800 64.8530
29.1900 31.0900 73.8955
31.5900 32.1200 73.8489
32.3000 32.8000 70.0154
32.8600 33.4000 68.8857
33.5400 33.9900 66.9182
34.1200 34.6400 72.0256
34.7000 35.2500 72.0256
35.3200 35.9700 72.0124
36.4800 37.0100 73.9290
37.0600 37.5300 71.9537
37.6500 38.1400 70.1531
38.1600 38.6300 68.9014
38.8000 39.2400 66.8533
39.3300 40.4900 64.9806
