1.3500 2.0700 66.0290
2.1000 2.3800 67.8091
2.4000 3.2900 67.9128
3.4600 3.7800 65.6517
5.3000 6.0000 63.2919
6.1100 6.3600 64.1814
6.3900 7.3000 63.0460
7.3800 7.7000 61.0538
9.2500 9.7600 61.7278
9.8000 10.2000 63.3510
10.3100 12.4100 64.5990
12.8600 13.2800 60.8671
13.4600 14.0700 67.8964
14.0700 14.3100 65.9821
14.4500 14.9100 64.0288
17.5700 18.2700 64.8492
18.2700 18.5600 66.4205
18.6000 19.4500 66.5799
19.6200 20.0300 64.5516
21.5100 22.1900 61.7340
22.3100 22.5400 62.8532
22.6000 23.5500 61.8575
23.6000 23.9200 59.9254
25.9100 26.3600 59.7836
26.3700 26.8300 61.6289
26.9700 28.5300 62.7270
29.5800 29.9500 59.9562
29.9500 30.8400 58.7481
30.8500 31.0800 56.6773
31.1600 32.4500 54.7352
34.1400 34.5300 59.3258
34.6600 35.0800 59.7405
35.1800 37.3900 67.3201
37.9300 38.3300 65.0594
38.4500 38.8900 61.8217
38.9700 39.3900 68.6836
39.3900 40.2700 68.4567
40.4600 40.7000 66.5024
42.4200 43.0600 62.2385
43.1700 43.3100 63.2782
43.4600 45.1100 64.8466
45.8500 46.2100 67.9117
46.3800 47.0000 65.4442
47.1100 47.3400 63.3510
47.3600 49.3100 62.1857
50.4300 51.0000 59.2493
51.1100 51.3500 58.7689
51.4100 53.8100 67.3906
54.5600 55.4000 67.2849
55.5500 56.1800 60.2530
56.2500 56.4700 68.1120
56.4700 57.3600 67.7037
57.5400 57.8500 65.3480
59.7100 60.4600 61.9060
60.5800 60.9000 58.2653
61.0700 62.2700 60.7013
63.2700 63.7200 59.0675
64.0500 64.7400 57.6199
64.8200 64.9700 55.9694
65.0600 66.1100 55.7728
