0.6400 1.4500 65.3975
1.5000 2.0900 65.4525
2.2100 2.7800 65.3510
2.8100 3.4800 65.3851
3.5400 4.1700 65.4503
4.2700 4.5000 63.3306
4.5600 4.8200 65.4198
4.9300 6.1300 68.2411
6.1600 6.3900 70.3514
6.5100 6.7500 68.0550
6.7700 7.1700 65.1598
7.2700 7.3700 68.2235
7.4200 7.6400 65.2078
7.7100 7.9800 63.1717
8.0700 8.3300 61.0821
8.8400 9.0400 62.9825
9.0900 9.3800 64.9661
9.4300 10.0100 64.9961
10.1400 10.6800 65.1136
10.8100 11.0400 62.8392
11.1000 11.4400 64.6321
11.5100 11.7600 62.8195
11.8400 12.1100 60.5775
12.1600 12.4100 57.5270
12.5500 12.9000 55.7563
12.9000 13.4800 57.5346
13.6200 14.1500 60.9103
14.2000 14.4300 58.2886
14.5600 14.7300 56.3354
14.7700 14.9100 57.9567
15.0600 16.9200 56.0361
