1.1400 1.5100 61.9460
1.5200 2.3600 63.7951
2.3900 3.3500 61.8022
3.5900 3.8800 66.9781
3.9400 4.2300 69.0803
4.3900 4.6500 71.2445
4.7800 5.3000 70.9320
5.4500 5.9800 62.7533
6.4800 6.7800 66.5074
6.9100 7.1900 67.9622
7.3500 8.3000 66.0243
8.4400 8.9900 61.2060
9.5800 10.0200 67.6556
10.1200 10.5100 69.5372
10.8200 11.7200 71.3627
12.5600 12.8900 62.5203
12.9500 13.3100 64.2002
13.4000 14.4300 62.0722
14.6900 14.9900 67.2777
15.0300 15.3300 69.2996
15.5200 15.7300 70.9909
16.0200 16.4600 72.4913
16.7600 17.1600 66.3116
17.8100 18.1200 74.9232
18.1200 18.4700 73.3570
18.6100 18.8300 72.0999
19.0600 19.6800 64.0969
19.8000 20.1300 69.9295
20.3500 20.5600 72.4953
20.7100 21.2800 67.8256
