2.7900 3.6800 61.8364
3.7800 4.6500 62.0045
4.9000 5.6600 69.1567
5.7200 6.3900 69.1066
6.5200 7.2100 66.8021
7.2600 7.8800 65.1804
8.0700 8.3600 64.0814
8.7900 9.4600 61.7440
9.6900 10.3800 59.9864
10.4300 11.1400 61.8319
11.3100 11.6100 64.0370
12.0400 12.6900 65.2757
12.6900 13.4500 67.3058
13.4600 15.6100 68.9632
15.8500 16.0900 61.5354
16.5600 17.3600 61.9516
17.5900 18.3000 69.0456
18.3300 18.8700 69.0501
18.9700 19.6400 66.9698
19.7400 20.3000 64.6998
20.4900 20.7100 63.9845
21.1300 21.7700 61.9145
21.9800 22.3200 59.7248
22.7400 23.3700 62.1491
23.5100 24.1300 64.2326
24.1800 24.7500 64.9591
24.8000 25.1900 67.1463
25.5400 27.6700 69.1257
27.7400 27.9900 69.2829
28.6100 29.2500 69.6250
29.2800 30.0300 67.0361
30.0900 30.7100 68.9837
30.8700 31.1700 69.8728
31.6500 32.2700 72.1415
32.3200 32.9400 73.6641
33.0100 33.7400 68.3980
33.8200 34.1200 66.7966
34.5500 35.1600 64.8608
35.2500 35.9100 61.6654
36.1500 36.8200 64.0013
36.8800 37.1700 64.8028
37.6000 38.8800 66.9821
39.0100 39.6700 65.1828
39.7100 40.3400 67.0845
40.3400 41.2000 68.8584
41.7400 42.3500 69.8308
42.3500 42.9700 68.8099
43.0600 43.7000 68.7779
43.7300 44.0500 66.3831
44.4800 45.0100 64.6683
45.1900 45.7700 63.6618
45.8700 46.8200 61.7263
47.4200 47.6200 65.4265
47.8100 48.0500 64.2454
48.0700 48.7300 62.0709
48.7900 49.6300 67.3353
50.0900 50.6700 65.5679
50.6700 51.4000 67.3700
51.4300 52.0000 69.1139
52.2900 52.7300 69.6017
52.8600 53.4600 71.8762
53.5100 53.7700 73.4754
54.2000 54.9600 66.5924
55.0400 55.6600 64.1819
55.7300 56.2500 62.4604
56.4400 56.9500 61.6845
57.0700 60.3800 59.6440
