4.1700 5.4700 65.5060
5.6900 5.9600 65.6457
6.0000 6.2900 64.5849
6.3800 6.6600 62.3175
6.7500 7.0400 60.3815
7.1500 8.4500 69.1507
8.6500 9.8700 67.6869
10.8600 11.1200 65.1100
11.1500 11.4500 64.0130
11.5200 12.1400 62.3341
12.2400 12.4700 64.6727
12.6000 12.8900 65.7367
12.9800 14.1400 64.5179
14.2800 14.6100 63.1315
15.0500 15.2900 59.0585
15.3300 15.6700 57.1176
15.8100 16.9400 55.5913
17.6400 17.9200 64.7045
17.9600 18.2600 64.4577
18.3400 18.6600 62.4245
18.8300 20.1000 55.7013
20.9800 21.3400 64.1201
21.4600 21.7100 65.1860
21.8800 22.9800 67.3369
23.1500 23.3800 67.6981
23.5100 24.2100 60.5094
24.2900 24.5600 62.0144
24.6200 24.8900 59.9827
25.1100 26.0700 67.5650
26.2300 26.4600 67.5490
26.5800 27.2000 59.9525
27.7400 27.9900 60.4812
28.1700 28.8100 65.6592
28.9200 29.5300 64.2056
29.6500 30.3000 62.5929
30.4100 31.1400 60.9805
31.2100 32.5900 62.8984
33.1600 33.4400 60.8914
33.5100 33.7700 60.8230
33.9200 34.2100 59.8041
34.2800 36.4800 60.9019
