1.7600 2.0700 69.1290
2.7300 3.0500 68.9310
3.1200 3.3400 71.8717
3.3600 3.5000 69.3987
3.6200 3.8300 66.6348
3.9700 4.3900 64.3572
4.8800 5.1200 68.6556
5.2000 5.4200 71.9032
5.4200 5.5700 69.3836
5.7100 5.8800 66.4657
5.9200 6.3600 64.2524
6.8500 7.2300 64.6075
7.4100 7.7900 72.2968
7.8500 8.0100 69.5677
8.1600 8.3200 67.0553
8.3800 8.7800 64.2429
8.9700 10.2400 67.2989
10.7600 11.2200 64.4613
11.2800 11.4600 64.1874
11.5800 11.8100 67.2033
11.8200 12.2100 69.0505
12.2500 12.4400 69.1542
12.5400 12.6800 72.4302
12.8400 13.0000 66.7556
13.0100 13.1800 69.1859
13.2900 13.4700 66.4065
13.5300 13.7600 63.7985
13.8200 14.2900 62.2383
14.8400 14.9900 60.4720
15.0300 15.2300 62.5540
15.3300 15.7400 64.3540
15.7900 15.9700 62.5739
16.0600 16.2300 58.9288
16.3100 16.7000 56.5348
16.8300 18.1600 60.0821
18.8200 19.2000 64.7187
19.2500 19.4600 64.6632
19.4700 19.6600 62.5596
19.7700 20.2100 60.2586
20.2700 20.6800 62.2556
20.7400 21.1200 64.2609
21.2000 21.3800 62.5239
21.4300 21.6200 64.1307
21.7900 22.1900 67.5222
22.7400 22.8800 60.4544
22.9600 23.1400 62.7567
23.1900 23.6100 64.3607
23.6800 23.8300 62.7406
23.8700 24.0800 60.2219
24.1500 24.5500 57.0131
24.6500 26.1400 60.4435
