1.2900 1.8200 59.3339
2.1600 2.5900 72.4243
3.0000 3.4900 59.4879
4.7400 4.9800 59.8995
5.0900 5.4700 61.0468
5.5300 6.1400 63.0268
6.3300 6.7600 60.5604
7.9300 8.2100 60.4168
8.2500 8.5700 61.3540
8.6300 9.2200 63.0960
9.3500 9.6100 61.3790
9.6600 9.9700 63.3510
10.0300 10.2900 65.2935
10.8100 11.0700 63.3701
11.1300 11.4200 65.6392
11.5600 11.8100 66.5049
11.9600 12.2100 68.4585
12.2700 12.5100 69.9340
12.6500 12.9400 68.7496
12.9700 13.2300 70.6077
13.4000 13.6400 72.1910
13.7300 14.0100 73.5361
14.5200 14.9800 60.0849
15.2500 15.8100 73.0299
16.7100 16.9500 74.7923
17.0100 17.2600 72.6238
17.4000 17.6600 71.3871
17.7200 18.0400 72.5762
19.6400 19.9000 74.3132
19.9600 20.2100 72.4732
20.3900 20.9400 71.5593
20.9700 21.2100 72.4114
21.3900 21.5800 71.3437
21.7100 22.2800 69.3230
22.4800 22.7200 71.0895
22.7800 23.0200 71.8180
23.2000 23.3800 70.9096
23.4400 23.6900 68.8242
23.8500 24.0400 66.9528
24.1700 24.4300 65.4319
24.5000 24.7600 64.4296
24.7800 25.0800 62.3069
25.2300 25.4000 60.0578
25.9400 26.3800 71.8671
26.6300 27.0200 60.1061
28.1300 28.3600 63.4631
28.4000 28.6800 64.5032
28.7500 29.2600 66.4582
29.3900 29.9600 64.4713
30.7500 30.9600 64.1535
31.0000 31.3000 64.7263
31.3700 31.9200 66.8461
32.0300 32.2800 64.5477
32.3200 32.6000 66.7601
32.6600 33.0000 68.6035
33.3900 33.6000 66.6658
33.6800 33.9200 68.4943
34.0500 34.2700 69.6078
34.4100 34.6600 71.1649
34.7500 35.0700 69.2668
35.6200 35.8100 69.5375
35.9700 36.5200 71.6423
36.5600 38.4600 73.1610
39.2800 39.7200 71.1209
41.2300 41.7100 72.8281
41.9000 42.1100 70.8103
42.2500 42.4800 68.7423
42.5400 43.1000 67.5810
43.2500 43.4700 68.6712
43.4800 43.8000 67.2051
43.8400 44.1000 65.5067
44.6300 45.0100 60.9657
45.2900 45.6800 72.5122
45.9200 46.3200 60.6393
