1.0800 2.4300 72.0478
2.6200 3.3900 71.4556
3.8900 5.3400 74.5182
5.4200 6.0500 72.6580
6.7000 7.9400 70.1239
8.0000 8.3200 70.2581
8.4300 8.6800 71.7198
8.7300 9.0400 72.4138
9.0800 9.4200 74.3340
9.5100 10.8000 72.1243
10.9400 11.5200 71.2977
12.3500 13.6600 72.2236
13.8200 14.4000 71.6920
15.1700 16.5300 74.6590
16.6000 17.1900 72.6125
17.9100 18.1800 71.9072
18.2300 18.4800 69.8765
18.5900 18.8500 68.7550
18.9500 19.2500 67.3048
19.3500 19.9700 66.0693
20.1000 20.4600 63.9508
20.7800 21.0800 61.4410
21.1900 21.4200 64.8892
21.5500 21.8000 63.2224
21.8700 22.1600 60.7079
22.3000 22.8700 68.8154
23.0000 23.3000 67.0993
23.7000 23.9100 66.0470
24.0400 24.3600 69.5734
24.4400 24.7000 65.7220
24.7900 25.0600 61.3178
25.2100 25.7600 68.7952
25.9100 26.4700 71.7894
26.5800 27.4500 73.0218
