0.7000 0.9200 60.7297
0.9300 1.1800 62.3406
1.1800 1.4900 64.0610
1.4900 1.8500 65.0686
1.9000 2.4400 67.5586
2.4400 2.9400 67.1472
2.9800 3.4900 67.3716
3.4900 4.0000 64.3286
4.0500 4.6100 60.4893
4.6100 5.1500 64.3802
5.1500 5.6400 62.7029
5.8000 6.3300 65.4879
6.5100 7.1400 59.1690
7.1700 7.6100 62.4444
8.0800 8.6200 60.8804
8.7200 9.1900 72.8270
9.4000 10.0000 61.0480
10.5600 11.1200 61.0525
11.2600 12.0900 72.7892
12.6400 13.0300 73.0510
13.0600 13.3600 71.7905
13.3600 13.6600 69.8119
13.8300 14.3200 67.9444
14.7700 15.3200 60.7653
15.3900 15.9000 72.9451
16.0400 16.8300 67.6571
17.2600 17.8400 62.6954
17.8700 18.4200 65.7920
18.5900 19.0700 59.5748
19.0700 19.6100 62.4931
19.6200 20.3600 60.4540
21.8300 22.0900 60.7339
22.0900 22.3300 62.5203
22.3300 22.6200 64.5711
22.6300 22.9300 65.0485
22.9800 23.4700 67.3431
23.4900 24.0000 67.5733
24.0300 24.5500 67.3534
24.5500 25.0700 64.8114
25.0800 25.6300 60.6669
25.6300 26.2000 64.7089
26.2400 26.7500 62.7076
26.8600 27.3600 65.8357
27.6300 28.2200 59.7056
28.2600 28.5300 62.6686
28.9900 29.5000 60.7068
29.5900 30.1600 72.8466
30.2000 30.8400 60.2133
31.4500 32.0800 61.4801
33.3900 33.8800 60.8229
34.0000 34.5400 72.6907
34.6900 35.8800 60.8961
35.9300 36.4700 63.0956
36.5600 37.0300 65.7943
37.1500 37.6700 59.9917
37.6700 38.1500 62.7970
38.2000 38.9000 60.5211
40.8200 41.3700 62.6915
41.3700 41.9000 62.3608
41.9000 42.4500 64.9913
42.4500 42.9100 65.0799
42.9600 43.4500 65.9534
43.4800 44.0200 66.0335
44.0200 44.4000 65.3168
44.5000 44.7100 65.2227
45.0600 45.5300 62.8069
45.5300 46.0100 62.7655
46.0100 46.5200 65.0725
46.5200 47.0000 65.1614
47.0300 48.9900 66.2767
48.9900 50.5000 65.0025
51.0500 52.0800 62.7238
53.0500 53.2800 60.2871
53.2800 53.4900 62.4343
53.4900 53.7700 64.5160
53.7700 54.0500 65.2935
54.0800 54.5500 67.3309
54.6000 55.0300 67.2400
55.0700 55.5500 67.4004
55.5600 56.0400 64.9185
56.0400 56.5900 60.5842
56.5900 57.0400 64.9141
57.0400 57.5900 62.7970
57.7000 58.2600 65.6791
58.4100 59.0100 59.6820
59.0400 59.4300 62.4989
60.2200 60.7500 60.5278
60.9200 61.4500 72.3123
61.6900 62.4100 60.7258
62.9100 63.5000 62.3103
63.5300 64.0400 65.6709
64.1400 64.6400 60.0439
64.6400 65.1600 62.5291
65.1700 65.9900 60.5587
