1.5000 1.8000 66.8839
1.9500 2.2300 66.6995
2.3100 2.6300 69.0458
2.7100 3.0800 72.2801
3.2000 4.2500 66.8047
4.7900 5.0600 72.1281
5.1800 5.3100 69.1528
5.4200 5.6200 66.0003
8.8700 9.2000 71.2664
9.2600 9.4600 68.1534
9.5700 9.9600 65.5019
10.3400 10.6300 62.0785
10.7600 11.0200 65.8900
11.1300 12.2000 59.2359
12.8300 13.1000 66.2284
13.2200 13.6000 59.0041
13.6800 14.0700 61.0332
14.5000 14.8200 64.0672
14.9400 15.2800 71.0095
15.3800 15.7200 68.7177
15.8800 16.0700 66.0470
16.5900 16.8800 67.0383
16.9600 17.3300 60.4352
17.5000 17.7700 66.8472
17.8400 18.0000 64.4049
18.0000 18.2400 62.2246
18.3300 19.2800 60.0267
19.9300 20.2800 60.2518
20.3300 20.7100 61.9075
20.8100 21.1400 63.9731
21.1900 21.5300 63.9427
21.6100 21.8900 62.2827
22.0900 22.4100 68.2638
22.4400 22.6300 65.3992
22.6300 22.8100 63.0520
22.8800 23.2800 60.9908
23.3200 23.6500 62.4798
23.7200 24.0400 62.4893
24.1000 24.3400 63.0207
24.8600 25.1900 62.9501
25.2300 25.5100 62.8644
26.0900 26.4100 62.4463
26.4900 26.8300 62.2805
26.9200 27.2500 64.0414
27.2700 27.5300 63.7659
28.1800 28.5300 63.0277
28.5800 28.9400 62.8985
29.0600 29.3700 65.2283
29.4400 29.7600 65.4602
29.8700 30.2100 63.2078
30.3600 30.5800 68.2175
31.0700 31.3200 62.8476
31.5800 31.9100 58.1664
32.0300 32.5400 61.6978
32.6000 32.7700 59.4684
32.9500 33.6300 57.1504
