2.3100 3.0800 60.6380
3.2300 4.0500 65.7990
4.1400 6.7900 65.8703
6.9300 7.4400 69.6310
7.5300 7.9200 67.7436
8.2300 8.4900 65.5811
8.9600 11.0200 69.2839
11.7100 13.0400 67.4471
13.1200 15.6800 65.3251
15.7500 16.4100 62.2815
17.1200 19.3600 60.4016
19.8900 20.3500 60.1133
20.4300 21.0000 65.2977
21.0600 22.8800 65.0770
23.5100 23.9500 69.0479
24.1100 24.4800 66.7364
24.6800 24.9300 65.4697
25.3200 27.4900 69.1020
27.9800 28.6300 66.9468
28.7200 29.1900 69.1810
29.3800 31.0600 71.6415
35.2100 35.6800 69.3433
35.8400 36.3300 72.4015
36.4900 38.2700 72.2550
38.8100 39.1400 69.8103
39.3000 39.7100 67.4664
39.8700 40.1600 65.2993
40.5500 42.9600 69.6158
43.0100 43.7600 67.2364
44.2700 45.9400 65.3848
46.3900 47.3900 62.5862
47.6000 49.2500 60.3151
49.8000 50.2400 60.5415
50.3600 50.8700 65.5793
50.9200 52.7300 65.3795
53.2000 53.6800 69.0208
53.7000 54.1800 67.0357
54.2900 54.5700 65.3956
54.8900 57.2100 69.4883
57.2300 57.8400 67.2480
58.4000 60.9200 65.1202
