0.8200 1.2600 65.1369
1.4400 1.8800 62.2882
1.9900 2.5000 62.1842
2.6000 3.0600 62.4019
3.3300 3.7500 65.5560
3.9500 4.4100 62.4343
4.5500 5.0100 62.1481
5.1400 5.2700 62.0903
5.8400 6.2500 65.5787
6.4200 6.9800 65.4222
7.0800 7.5000 67.4148
7.7100 8.1100 65.4906
8.2900 9.0600 63.4113
10.5700 11.0500 63.0038
11.1700 11.7500 59.6271
11.7800 12.3100 59.8763
12.3900 12.5600 59.9822
13.0500 13.5500 63.3309
13.6300 14.1600 59.4213
14.2200 14.7400 59.6344
14.8400 14.9400 59.4059
15.5100 15.9000 65.8003
16.1100 16.5400 65.5963
16.7400 17.2200 63.0550
17.3300 17.8400 60.0486
17.9700 18.6800 58.1772
20.4600 20.8600 65.6569
21.0400 21.5500 65.5859
21.6800 22.1400 67.1719
22.2400 22.7200 67.2260
22.9300 23.3600 65.6202
23.5700 23.9900 65.6577
24.1700 24.7800 62.8047
25.5000 26.0300 60.4925
26.1200 26.6900 58.7892
26.7600 27.2600 60.7151
27.3800 27.7600 62.6746
28.0400 28.8600 65.5921
30.5300 30.9500 65.6323
31.1300 31.6000 65.3810
31.7400 32.2500 67.1139
32.3200 32.7900 67.2060
33.0300 33.4300 65.7070
33.6200 34.0500 65.5915
34.2600 34.8400 62.5575
35.5600 36.0900 60.3990
36.2500 36.7300 63.4417
36.8600 37.4200 62.5361
37.5000 38.0300 60.3715
38.1400 38.7900 58.5409
