0.8900 1.5500 47.8892
1.6800 1.9800 48.1400
2.0300 2.3300 50.4941
2.4800 3.1500 53.0576
3.2200 3.5400 50.2392
3.6700 3.9700 48.2001
4.0900 5.7700 48.0729
7.2200 7.8400 48.0563
8.0000 8.3000 48.2708
8.3700 8.6700 50.4845
8.8200 9.5200 53.3669
9.5700 9.9000 50.5198
10.0300 10.3300 48.4598
10.4400 12.3300 48.0671
13.5800 14.6800 48.1080
14.7400 15.0700 50.5941
15.2100 16.2300 53.2540
16.8200 17.5500 53.4331
17.6100 17.9000 50.1212
18.0300 18.3000 53.5957
18.4800 19.5600 55.4705
20.1400 21.1900 55.5448
21.3400 21.8400 50.9489
