1.4200 2.3400 62.2646
2.4500 3.1000 62.1566
3.3200 5.6800 69.1769
6.3300 7.2000 62.4336
7.2900 7.8100 62.2108
8.0300 10.0800 69.2730
10.7000 11.3400 62.7615
11.4700 12.0500 68.9980
12.1300 13.3800 73.3670
13.5400 15.3400 72.3173
15.3900 16.0000 70.1344
16.0600 17.3200 70.2329
17.4800 18.0800 68.6460
18.7200 19.2000 63.6841
19.3500 19.8400 65.8920
19.9500 21.8200 66.8573
22.3500 22.8400 63.3813
22.9600 23.3800 65.8047
23.5200 25.2600 67.2693
25.8100 26.2300 63.2605
26.3800 26.7400 67.2397
26.9600 27.4300 71.7436
27.4700 27.9300 69.4933
28.1100 29.0700 68.1540
29.2300 30.2900 72.3143
30.3400 31.9400 73.4679
32.5200 33.0200 61.5453
33.0900 33.5400 61.7386
33.6500 35.6800 73.7376
35.7100 36.1200 71.1460
36.3000 36.7200 65.6949
36.8700 38.3800 68.3312
38.9200 39.4100 66.1684
39.5200 40.0500 61.3703
40.3900 41.3200 64.7318
41.4800 42.4700 67.3172
42.5200 43.5600 70.5614
43.7000 45.1900 68.0398
45.7900 46.3100 61.4799
46.3700 46.7700 61.7655
46.9200 48.6300 73.7659
48.9900 49.4400 70.8689
49.5500 50.0000 66.7490
50.1200 51.4700 68.1835
51.8700 52.3300 65.7480
52.4400 52.8100 61.4923
52.9600 53.9000 68.3321
54.0000 54.9500 65.5330
54.9800 55.9800 63.0508
56.0300 57.5000 60.9751
