1.0400 2.1900 52.9426
2.3700 2.8000 56.6476
2.9600 3.9800 63.2675
4.1200 4.5300 60.6563
4.6300 5.6400 58.0098
5.7800 5.9300 52.2725
6.0300 6.2100 56.5011
6.2600 7.7300 57.9713
8.1200 8.6900 45.3267
8.7700 9.2200 46.2111
9.3300 9.5400 48.3115
9.5600 9.7700 50.6115
9.9100 10.3200 52.7958
10.4400 10.8400 57.2397
10.9800 11.3700 55.9734
11.5400 12.4400 52.5643
12.5900 12.7600 48.7730
12.7900 12.9900 50.0450
13.0700 14.5400 52.7292
15.0300 15.4900 52.9595
15.6300 16.0400 56.0290
16.0900 16.3300 58.1214
16.4000 16.5900 60.1769
16.6400 17.6600 57.5476
17.8100 18.2000 55.8797
18.2700 19.2400 57.8104
19.3900 19.8900 45.9508
19.9700 21.3200 50.9209
21.7900 22.2700 49.4063
22.3400 22.7500 50.9127
22.8600 23.2300 52.6271
23.3600 23.7700 58.0829
23.9300 24.2700 52.5207
24.4600 24.8200 55.7352
24.9700 25.9600 50.8203
26.0500 26.2400 48.8553
26.2500 26.4600 75.1246
26.5400 27.9000 45.9749
28.4000 28.8800 53.0025
28.9800 29.4100 56.5105
29.5700 30.0000 52.4786
30.0900 31.0800 50.5646
31.2100 31.4400 49.0276
31.4900 31.6300 50.9092
31.7500 32.5100 52.9685
32.9700 33.1300 56.7955
33.2200 33.4800 60.2634
35.0500 35.5200 57.8611
35.6300 36.0100 52.4752
36.1700 36.5600 55.3778
36.6600 37.6400 50.7755
37.7400 37.9400 50.5581
37.9800 38.2000 47.2208
38.2400 38.3600 46.7570
38.3900 38.5600 49.6327
38.5900 41.4200 45.9825
