0.1300 0.8300 67.7308
0.8800 1.3300 69.2983
1.5100 1.9200 71.3591
2.0300 2.9600 72.1841
4.1600 4.6400 74.6067
4.7100 5.0500 72.6598
5.2700 5.7000 71.5548
5.7800 6.1600 69.5448
6.3600 7.5100 67.8555
8.5700 9.3900 66.0775
9.6100 10.0400 66.3691
10.1500 10.5000 70.5544
10.7000 11.5400 68.6415
11.7500 12.7400 66.4997
13.3100 13.7200 65.4838
13.8200 14.2200 63.7517
14.3500 14.6600 65.9875
14.8800 15.2000 66.7271
15.4200 16.4400 68.5986
17.5400 18.4000 68.8181
18.5300 18.8500 70.5469
19.0800 19.4600 72.6201
19.5600 20.3400 73.5304
22.0500 22.5500 74.0592
22.6500 23.0500 75.8794
23.2000 23.6300 73.8996
23.7200 24.0700 72.0454
24.2900 25.1800 70.9293
26.4400 27.4200 69.6541
27.4700 27.8400 69.5423
28.0600 28.4300 72.0153
28.5400 29.4400 72.7278
29.6400 30.4700 68.2542
30.7000 31.1100 66.0543
31.2200 31.4800 68.4646
32.1600 32.6000 67.6090
32.7200 33.0900 66.4343
33.2200 33.6500 64.3778
33.7500 34.1600 66.2880
34.3200 35.5200 62.1181
