1.2000 1.6300 60.3650
1.7200 2.2500 60.3828
2.3300 2.7400 62.4118
2.8600 3.2800 64.2385
3.4200 4.0800 60.6108
4.2500 4.6200 64.2780
4.7300 5.3300 62.3078
5.5000 5.7100 60.7209
6.1100 6.7000 60.1517
6.7900 7.4000 60.4666
7.4400 7.9100 62.3171
8.0300 8.4400 64.1780
8.6500 9.7700 60.3969
9.9700 10.3200 59.7332
11.1100 11.6900 60.8584
11.8000 12.3800 60.5791
12.4800 13.0800 62.3025
13.1500 13.7900 63.7576
13.9300 14.6900 65.0547
14.7900 15.4400 64.1122
15.9200 16.6500 61.8190
16.7600 17.4900 60.2783
17.6900 18.3100 59.1754
18.7200 19.4200 56.5681
19.4800 20.3900 57.4933
20.5800 21.0900 58.9749
21.5000 23.1300 59.9402
23.3200 24.0200 60.2871
26.7400 28.1500 68.5839
28.4100 28.9500 70.8791
29.0500 29.8700 68.8138
30.1300 30.5500 66.7752
31.3000 32.2800 69.1687
32.4600 32.8200 71.3537
33.4700 34.7600 72.1437
35.5800 37.0400 67.8345
37.8000 38.5100 69.0660
38.7800 39.6200 67.1279
39.8100 40.2800 65.2899
40.8700 42.3600 64.4149
42.6300 43.0600 66.8018
44.0600 45.5500 69.6610
45.7400 46.3500 70.9754
46.4200 47.1600 69.1582
47.4800 47.7900 67.3084
48.4400 49.1700 69.6170
49.3900 49.9900 70.5906
50.6300 51.5600 71.7359
52.0000 52.6400 69.5746
52.8800 53.2900 67.3903
54.3200 54.9300 71.8603
55.1600 55.5800 71.2984
56.3900 57.0500 73.8855
57.2300 58.5900 72.0512
58.7500 59.2800 72.0437
