1.5800 2.0300 63.9345
2.2200 2.7000 67.1480
2.8400 4.0900 59.0236
4.2100 4.7200 61.7992
4.8400 5.4300 63.3588
5.6700 6.4700 55.3649
6.9800 7.5700 60.2219
7.5900 8.2800 62.4490
8.3600 8.9200 64.1827
9.0700 9.6700 67.1003
9.8000 11.6100 61.9654
12.4900 13.0100 63.8712
13.2400 13.7400 66.2606
13.9100 15.1700 59.3678
15.3000 15.8200 62.1540
15.9800 16.5700 64.0881
16.7400 17.4900 56.0992
18.0700 18.6200 61.6207
18.8300 19.4200 56.3471
19.4900 20.0300 61.8630
20.1400 20.7000 63.7086
20.9000 22.8000 60.1430
23.7700 24.9600 67.3620
25.1700 26.1400 65.9037
26.5400 27.6800 67.3824
27.8400 28.7100 59.2388
29.2200 29.7600 63.6778
29.9000 30.4900 55.6422
30.6300 31.1200 62.4447
31.3200 31.8500 66.6800
32.0000 33.8300 62.0657
34.8000 35.3100 63.9465
35.5300 36.0100 66.3400
36.1500 37.4300 58.0310
37.5400 38.0300 62.0878
38.1300 38.7100 64.1215
38.7500 39.6600 55.4619
40.1800 40.8600 61.9645
41.0500 41.6000 55.9873
41.7000 42.2200 61.7149
42.3600 42.9400 63.8575
43.0800 44.6600 59.6918
