3.1000 3.7500 71.5934
3.8800 4.5100 71.2861
4.6600 4.9200 68.2358
5.1300 5.3600 66.9615
5.5100 6.0500 65.2521
6.1600 6.5200 60.4639
6.6800 7.0400 65.0857
7.2200 7.4900 67.3145
7.5500 7.8300 61.7078
7.9600 8.1500 64.1892
8.1600 9.0500 64.9895
9.6000 10.3100 61.4450
10.4700 11.1400 64.7985
11.2300 11.5600 67.6257
11.6400 11.9000 67.7203
12.1100 12.3900 65.5572
12.9100 13.1700 66.8293
13.2600 13.5800 67.9194
13.7100 14.0100 72.5027
14.2000 14.4500 64.9961
14.6200 15.6600 67.5407
16.3400 16.9400 68.5488
17.1000 17.3100 67.0250
17.4300 17.7800 72.4718
17.8800 19.1300 68.6668
19.4900 19.7400 66.3400
19.9100 20.4300 66.0740
20.5100 20.5800 64.4342
20.7500 21.0400 66.8023
21.1600 22.0000 60.8138
22.7600 23.5100 58.8764
23.5700 23.9100 61.3807
23.9600 24.2600 62.1396
24.4900 24.6500 67.2994
24.8600 25.1300 67.3456
25.2200 25.5200 68.8865
25.6300 25.8500 68.9803
26.1000 26.7100 66.9637
26.9500 27.5700 67.0753
27.7600 28.8700 65.0999
