0.8100 1.1000 58.9466
1.2400 1.6500 59.1228
1.7000 2.0500 61.3549
2.1600 2.5100 63.3760
2.6100 2.9900 59.2108
3.0900 3.4600 63.1749
3.5200 3.8700 60.9103
4.0200 4.4200 53.6791
4.5000 4.8800 58.9690
4.9900 5.3700 58.8586
5.4500 5.8100 61.3125
5.9100 6.2800 63.4055
6.3900 7.1900 58.7999
7.3500 7.7300 58.1885
8.2800 8.6800 59.3144
8.7700 9.1600 59.2699
9.2200 9.6100 61.6155
9.6900 10.0400 63.6327
10.1600 10.5400 64.5092
10.6100 10.9400 63.6126
11.0600 11.4300 61.3125
11.5200 11.8600 59.6884
11.9800 12.3000 58.5588
12.4200 12.8100 54.3064
12.8600 13.2200 57.2852
13.3600 13.5100 58.7113
13.8600 14.7400 59.2358
14.8400 15.2200 59.1298
15.7500 16.3200 68.7537
16.4700 16.6600 71.1350
16.7300 17.0500 68.5970
17.1700 17.5700 66.6336
17.6600 17.9700 68.6951
18.1000 18.4900 70.9049
18.6000 19.1000 71.7062
19.6000 20.1400 66.2884
20.2400 20.4200 68.9088
20.5400 20.8900 66.3362
20.9900 21.3700 64.3487
21.4800 22.2600 63.9923
22.4200 22.8000 66.5407
23.4100 23.9500 68.6189
24.0900 24.2800 70.7370
24.3300 24.6800 68.4842
24.8200 25.1900 66.7332
25.3000 25.6000 68.8237
25.7700 26.1000 70.6947
26.2200 26.5700 71.6627
26.6700 26.9700 68.3059
27.1400 27.4800 66.4181
27.6000 27.9100 71.4709
28.0800 28.4400 70.4438
28.5000 28.8400 72.9970
29.0200 29.8500 71.2435
29.9800 30.3400 71.2158
