1.3100 1.9500 57.7843
2.0800 2.7100 57.9736
2.8100 3.4000 60.5607
3.5100 4.1100 62.7278
4.2600 4.9100 58.1081
5.0200 5.6600 62.6130
5.8000 6.4100 60.5600
6.6200 6.9100 53.5609
7.4000 8.0300 58.2122
8.1300 8.7800 58.3524
8.9000 9.5400 60.6525
9.6700 10.2500 63.0096
10.4800 11.8600 58.1479
12.0900 12.6300 57.1382
13.6800 14.2700 58.2973
14.4200 15.0900 58.6098
15.1700 15.7600 60.6764
15.8700 16.4300 63.1743
16.5900 17.1500 63.7832
17.2800 17.8600 62.7787
18.0000 18.6500 60.5855
18.7800 19.3200 58.4955
19.5600 20.0800 57.5683
20.2600 20.5700 52.7800
21.0300 21.5800 55.2131
21.7600 22.3000 57.7100
22.4400 23.7600 58.3986
23.9000 24.5600 58.5469
25.4400 26.7000 67.6904
26.8500 27.3400 69.5804
27.4200 28.0100 67.5650
28.1700 28.4600 65.4470
28.8300 29.3500 67.7307
29.5700 30.0900 69.8151
30.2200 31.4000 70.5912
31.6300 32.4000 65.2340
32.7700 33.0700 67.5261
33.1000 33.6700 65.4984
33.8100 34.4400 63.2554
34.5500 35.8600 62.3548
36.0100 36.7400 65.2359
37.4300 38.5600 67.5365
38.7200 38.9400 69.3762
39.1300 39.6400 67.5055
39.8200 40.4500 65.5663
40.5400 41.0300 67.4829
41.2200 41.7500 69.6260
41.8800 42.4400 70.3715
42.6100 42.7900 67.7325
43.3600 43.9400 65.3215
44.0500 44.6300 70.4341
44.8100 45.4200 69.5284
45.4600 46.1100 72.1667
46.2400 47.5200 70.4394
47.6800 48.3600 70.3653
