0.8800 1.3300 59.6257
1.4000 1.6500 60.2400
1.6800 1.8900 62.3731
2.0100 2.4300 64.9312
2.5200 2.7400 61.9115
2.8200 3.0600 59.8847
3.1300 4.8400 59.8955
5.4000 5.8400 59.9855
5.9200 6.1600 60.1892
6.2100 6.4000 62.3947
6.5600 6.9300 65.2646
7.0400 7.2300 62.0953
7.3000 7.5400 60.1195
7.6200 9.2900 60.0339
9.8800 10.6600 60.1576
10.7200 10.9300 62.4594
11.0800 12.2000 65.0585
12.6900 13.4000 65.1270
13.4600 13.6500 61.9565
13.7700 13.9100 64.9307
14.1400 15.0900 66.7358
15.8000 16.5400 66.8535
16.6300 17.0000 61.9587
17.1700 18.0500 63.9514
18.0700 18.2600 61.7356
18.3600 18.6000 59.9475
18.6600 20.6300 60.2713
