0.7000 1.2400 65.4955
1.3100 1.5600 67.6645
1.7400 1.9700 69.5280
2.0800 2.7900 70.7691
3.5300 3.7900 72.9698
3.8700 4.1300 71.5374
4.2800 4.5300 69.5147
4.5900 4.8900 68.0947
5.0400 5.8400 66.5848
6.4900 7.0000 65.9782
7.1700 7.4500 67.5094
7.5000 7.8000 69.2733
7.9500 8.5200 67.7684
8.6800 9.0100 65.2553
9.4700 9.7300 64.6885
9.8100 10.1100 63.0092
10.1800 10.4500 65.2705
10.5800 10.8200 66.6031
10.9900 11.7500 67.9091
12.5200 13.1200 67.8960
13.1900 13.4400 69.8559
13.6100 13.8700 70.9722
13.9600 14.6600 72.1682
15.4900 15.7700 72.3098
15.8600 16.2200 73.3890
16.2300 16.5200 71.7599
16.6100 16.8700 70.1621
17.0400 17.8700 68.5923
18.6100 19.2800 67.0535
19.3500 19.6100 67.6779
19.8100 20.0700 70.2703
20.1700 20.9000 71.2816
21.0800 21.4400 66.1401
21.9400 22.2600 64.8551
22.3400 22.7500 63.1695
22.7700 23.2400 62.7173
23.3000 23.6000 65.0073
23.7400 24.6300 60.8099
