0.9800 1.2200 67.2535
1.3200 1.6000 64.0824
1.6800 2.0000 64.3174
2.0800 2.3200 64.2195
2.5000 2.7400 67.0076
2.8800 3.1600 64.0719
3.2500 3.6000 64.3272
3.6700 3.8200 64.0458
4.2400 4.4200 67.2278
4.5700 4.8700 67.3224
4.9500 5.1700 68.9803
5.3600 5.5800 67.2099
5.7700 6.3200 65.2298
7.4200 7.7500 67.6225
7.7900 8.1300 61.9494
8.1600 8.5100 62.1444
8.5600 8.8200 62.0919
8.9900 9.2600 67.0090
9.3300 9.7300 61.8973
9.7600 10.1000 62.0084
10.1400 10.3200 61.8533
10.6900 10.8800 65.5799
11.0500 11.2900 65.3234
11.4400 11.7200 67.1607
11.8200 12.1100 62.0198
12.2400 12.8100 60.2669
13.9300 14.1700 67.1176
14.3300 14.6500 67.4219
14.7000 15.0200 68.9869
15.0500 15.3400 69.1088
15.4900 15.6900 66.8003
15.8500 16.1100 66.9116
16.2700 16.6200 64.0357
17.1200 17.4200 61.8773
17.5300 17.9000 60.1658
17.9300 18.2300 61.9386
18.3400 18.6100 64.3736
18.8000 19.4700 67.0397
20.4500 20.6800 66.8254
20.8300 21.1700 66.9048
21.2100 21.5800 68.7908
21.5900 21.8500 68.8260
22.0100 22.2200 67.2087
22.4000 22.6800 66.9139
22.8400 23.1300 64.1028
23.6800 23.9400 61.8689
24.1000 24.3600 65.3033
24.4900 24.7300 64.2770
24.8900 25.1700 62.0903
25.3100 25.6900 60.3109
