0.8800 1.3500 59.9004
1.4900 1.7300 60.3412
1.7900 2.0400 62.1342
2.1900 2.7100 65.1519
2.8200 3.0200 61.7954
3.1300 3.3500 60.0064
3.4800 4.9900 60.2520
5.8600 6.3500 60.2889
6.4700 6.7000 60.4812
6.7900 7.0100 62.2666
7.1500 7.6700 64.7269
7.7300 7.9500 62.2376
8.0600 8.2800 60.6838
8.4100 10.1800 60.4214
10.8600 11.6600 60.7608
11.7700 11.9900 62.7029
12.1000 12.5500 64.9770
13.3100 13.7600 65.2809
13.8900 14.0800 62.3860
14.1900 14.3900 65.8458
14.5600 15.1500 67.8337
15.7200 16.4700 67.6479
16.5400 16.8000 62.8251
16.9400 17.4200 65.6106
17.5000 17.7000 62.9616
17.8100 18.0200 60.7050
18.1300 19.9900 60.9632
