1.4700 2.2400 70.7329
2.4400 3.1100 71.0004
3.3300 3.6300 67.6875
3.8100 4.0900 65.7908
4.2500 4.6600 63.7535
5.1400 5.4400 60.8237
5.5500 5.8600 63.7019
6.0400 6.3100 65.1748
6.4600 6.7500 60.6732
6.9300 8.0400 63.4882
8.7400 9.3600 60.7726
9.6000 10.0200 63.7636
10.4500 10.7900 67.5864
10.8700 11.1900 67.6042
11.3800 11.8000 65.8711
12.2500 12.5500 65.7033
12.6400 12.9900 67.7352
13.1200 13.4300 71.0598
13.5600 13.8900 63.7552
14.0800 15.2700 65.4324
15.8600 16.1900 67.4918
16.2800 16.6200 67.6538
16.7900 17.1100 65.4133
17.2800 17.6300 70.9987
17.7600 18.8900 67.7162
19.5300 19.7800 65.4826
19.9600 20.2800 65.6139
20.4200 20.7600 63.2733
20.9000 21.2000 65.4798
21.4100 22.5500 60.3447
23.2500 23.7800 57.9214
24.1400 24.4900 60.5027
24.5600 24.8600 60.6838
25.0400 25.3000 65.1418
25.4600 25.8000 65.5111
25.9100 26.2200 67.5240
26.3100 26.6200 67.6155
26.8000 27.2000 65.5755
27.7200 28.1500 65.2757
28.6000 29.7000 63.3943
