0.4400 0.8800 61.6797
1.0800 2.1100 66.6694
2.7600 3.1300 70.8065
3.3100 4.3600 67.0776
5.1200 6.1100 67.2159
6.2900 6.7700 71.4568
6.8200 7.6900 69.5908
8.6100 9.0200 67.0737
9.1100 9.5000 68.9724
9.6900 10.0200 71.1784
10.1700 11.1600 62.8315
11.9100 12.7200 61.1353
12.9700 13.4100 70.7481
13.4900 14.3200 68.7299
15.1400 15.3700 70.9207
15.5700 16.4200 66.5031
16.8900 17.1700 61.7348
17.3500 18.1800 66.6890
18.6000 19.1400 61.8657
19.1900 19.9200 60.3388
20.1700 20.5400 70.6283
20.6100 21.4500 68.8240
22.4100 22.8300 66.6305
22.8900 23.2900 68.7009
23.4600 23.8200 71.4604
23.9600 24.8700 62.9546
25.6500 26.5700 60.8385
26.7800 27.2100 70.7700
27.2800 28.2500 68.8810
