0.2600 0.6400 59.3052
0.8100 1.3400 59.9690
1.5000 1.9700 61.9799
2.1600 2.6900 63.2704
2.9300 3.4300 60.6380
3.6700 4.2200 63.7902
4.3900 4.8700 61.4242
5.1500 5.3400 62.9651
5.8700 6.3500 57.9720
6.5600 7.1400 59.2339
7.3000 7.8600 60.5695
8.0200 8.5700 62.3680
8.7900 9.9600 60.0409
10.3300 10.8000 59.0500
11.7800 12.2800 58.3136
12.4900 13.0200 59.0557
13.2600 13.8400 60.8867
14.0500 14.5000 63.2320
14.7900 15.3000 65.0588
15.4800 16.1100 63.4126
16.2800 16.8500 61.4497
17.0200 17.1100 59.2044
17.7400 18.2400 59.8535
18.4500 18.8500 56.3642
19.0500 19.6800 59.0613
19.9200 20.4800 60.7827
20.6700 21.7600 61.2165
22.0800 22.5900 61.6227
23.6500 24.1300 68.6103
24.7100 24.8900 69.9451
25.0000 25.5100 68.6322
25.7900 26.3300 66.4560
26.6200 27.0800 69.2173
27.3100 27.8500 71.3655
27.9700 28.6900 72.2307
29.5600 30.5100 67.6741
30.6500 30.8200 69.1678
31.0700 31.5400 67.2171
31.7600 32.2000 65.5963
32.4000 33.5600 64.0333
34.0300 34.6400 67.1750
35.5100 36.4900 69.3715
36.6600 36.9500 69.7576
36.9500 37.4400 68.7468
37.7600 38.2600 66.7897
38.4900 38.9900 69.1063
39.2300 39.6800 71.3005
39.8900 40.5000 71.8633
40.7000 40.8100 83.4964
41.5100 42.0300 67.6122
42.1800 42.6300 72.1632
42.9000 43.4800 70.7268
43.6000 44.1100 73.0959
44.3200 45.2400 70.3848
46.0000 46.8600 69.2745
