1.0100 1.4900 59.0020
1.6700 1.9000 59.0828
1.9900 2.1700 61.2175
2.3300 2.9000 62.8372
3.0000 3.2300 63.7519
3.3800 3.5900 58.9119
3.7200 5.3900 58.9660
6.2500 6.7500 59.0593
6.8800 7.1300 59.1630
7.1700 7.3700 61.1486
7.5300 8.0900 62.6386
8.1700 8.3900 63.8703
8.5300 8.7300 58.6449
8.8600 10.4800 58.8778
11.3500 12.1500 58.8767
12.2900 12.4900 61.1971
12.6500 13.2800 62.8851
13.9300 14.4600 64.1036
14.5500 14.7600 61.1635
14.9000 15.1000 64.2476
15.2600 15.9200 66.0186
16.4700 17.3800 65.9182
17.5000 17.6700 62.7406
17.8300 18.1200 64.4482
18.4900 18.7200 61.7959
18.8200 19.0700 58.9479
19.1800 20.9300 58.8529
