1.5700 1.9900 62.7618
2.1400 2.5500 66.0878
2.6800 3.4100 58.6182
3.7800 4.2000 60.8060
4.3000 4.6800 63.0836
4.9500 5.5200 53.8053
5.9700 6.4400 58.7214
6.5200 6.8700 60.7843
6.9900 7.3400 63.1269
7.5500 7.9000 66.0042
8.0300 9.5600 61.0451
10.1100 10.4300 63.2939
10.6600 10.9800 66.1748
11.1600 11.7300 58.7908
12.1600 12.5300 61.1707
12.7000 13.0200 62.9575
13.2500 13.8000 55.8238
14.3800 14.7500 61.2676
15.0300 15.3900 53.8629
15.5200 15.8300 61.0198
16.0200 16.2700 63.9026
16.5400 17.7800 58.7603
18.5900 19.5700 68.0183
19.7300 20.5700 66.0763
20.8400 21.7800 68.0869
21.9200 22.5000 59.4657
22.9600 23.4600 63.2950
23.5700 24.0200 68.1278
24.2100 24.6200 63.3340
24.7800 25.1900 66.0163
25.2500 26.6900 60.8587
27.2500 27.6400 63.2299
27.8300 28.1800 66.1903
28.3400 28.9900 58.8839
29.3200 29.6900 61.2368
29.8600 30.2100 63.3828
30.3500 30.9300 56.0871
31.4600 31.8000 61.0653
32.0300 32.4500 53.8564
32.5500 32.9000 60.7526
33.0400 33.3700 63.2096
33.5500 35.0200 59.1216
