1.2400 1.9500 59.6020
2.0900 2.4900 59.6164
2.5400 2.8700 61.9139
3.0200 3.7500 64.7882
3.8700 4.1600 61.5971
4.2700 4.6100 59.5846
4.7300 6.8200 59.4448
7.5700 8.1900 59.6222
8.3100 8.6000 59.7919
8.6800 8.9500 61.8314
9.1000 9.7000 64.6150
9.8200 10.0500 61.4587
10.1600 10.4300 59.7095
10.5500 12.3700 59.5909
13.2400 14.1800 59.6789
14.2500 14.4500 61.7190
14.5900 15.5400 64.6706
15.9100 16.4300 64.7177
16.5400 16.7500 61.3672
16.8700 17.0900 64.9777
17.2800 18.2300 66.6366
18.7200 19.5700 66.6958
19.6900 19.9100 61.4882
20.0400 20.6000 64.8755
20.7400 20.9500 61.1673
21.0400 21.3300 59.3760
21.4400 23.4900 59.5800
