1.8200 2.5900 63.9670
2.7900 3.5000 67.0716
3.6500 4.9000 59.9254
5.3900 6.2700 62.1353
6.3900 7.1600 64.3267
7.4100 8.7000 54.9008
9.2000 10.0100 60.0047
10.0900 10.9800 62.1362
11.0900 11.8800 64.2799
12.0900 12.8200 67.1371
13.0000 15.9400 62.1833
16.5000 17.3200 63.9125
17.5100 18.3100 67.1239
18.4700 19.7400 60.2943
20.4000 21.3100 62.1298
21.4200 22.1800 64.0777
22.3400 23.5100 56.8680
23.9600 24.7800 62.1622
25.0000 25.7300 54.8177
25.8400 26.6200 61.9979
26.7300 27.5200 64.2799
27.6700 30.3800 59.9984
31.1100 32.7300 69.1221
32.9600 34.1900 67.3101
34.6800 36.2400 69.0429
36.4300 37.6000 60.1652
38.0700 38.8600 64.2827
38.9500 39.6500 69.2232
39.7900 40.3900 64.3057
40.6200 41.2500 67.5932
41.4400 44.0400 62.3111
44.6800 45.4800 64.3829
45.6900 46.4400 67.2608
46.6800 47.7400 60.3853
48.2400 49.1900 62.3916
49.2700 50.0400 64.4671
50.1800 51.2400 57.3505
51.7500 52.6000 62.4865
52.8300 53.5600 55.4522
53.6800 54.5200 62.4788
54.6200 55.3600 64.5430
55.5300 57.0100 60.5285
