1.8000 2.4000 71.6874
2.5200 3.1300 71.6288
3.4200 3.6800 68.6643
3.9100 4.1600 66.3094
4.3700 4.6400 64.2048
5.2200 5.5200 61.0113
5.7500 6.0000 64.0169
6.2100 6.5300 66.3539
6.6600 6.9400 60.9354
7.1200 8.1700 64.6406
8.9700 9.8300 61.0645
9.9800 10.4000 64.3862
10.9500 11.2900 68.6685
11.3500 11.6700 69.0304
11.9100 12.2200 66.8389
12.8800 13.1900 66.5919
13.3400 13.6300 69.3943
13.7900 14.0500 72.0858
14.2500 14.5000 65.2472
14.7400 15.6400 66.8500
16.7600 17.4900 69.1432
17.5500 18.1400 69.1664
18.5300 18.7700 67.3812
18.9900 19.2000 72.1564
19.3400 19.6300 69.3313
20.3200 20.6000 67.3261
20.7700 21.0400 67.3696
21.2500 21.4900 65.2757
21.6900 22.0200 67.4413
22.1800 23.1700 62.6004
23.9700 24.7600 60.4559
24.8900 25.2500 64.7563
25.3400 25.6400 64.6724
25.8700 26.1400 66.6026
26.3000 26.6700 66.9702
26.7500 27.1000 68.8617
27.1800 27.5000 69.0377
27.7500 28.4300 67.0064
28.7100 29.2900 67.2686
29.6500 30.6400 65.2391
