0.4900 0.8800 64.7083
1.0100 1.5400 67.5906
1.6400 2.2800 60.6400
2.7300 3.2500 62.5568
3.3300 3.8000 64.6158
3.9900 4.6300 55.6022
5.0200 5.5200 60.5286
5.5800 6.1100 62.6542
6.2100 6.6000 64.6430
6.7600 7.2400 67.6951
7.3500 8.6100 62.5640
9.4400 9.9000 64.5141
10.0300 10.5300 67.7274
10.6300 11.2800 60.7116
11.7700 12.3500 62.6968
12.4200 12.9200 64.5498
13.0000 13.6400 57.8006
14.0600 14.6000 62.9533
14.7400 15.2900 55.6010
15.3900 15.9000 62.8735
16.0300 16.4300 64.8678
16.5400 17.6800 60.8993
18.6700 19.7100 69.7335
19.8200 20.5900 67.7676
20.8500 21.8100 70.1797
21.9900 22.5000 60.5633
23.1900 23.6400 64.3799
23.7200 24.2500 69.6544
24.3500 24.8300 64.0995
24.9600 25.4200 67.7849
25.5200 26.9800 62.6987
27.8100 28.3400 64.6872
28.4700 29.0000 67.6620
29.0900 29.7800 60.5903
30.1900 30.7500 62.4832
30.8400 31.3200 64.2181
31.4000 31.9900 57.5461
32.5100 33.1400 62.8774
33.2900 33.8000 55.1565
33.9000 34.3800 62.4204
34.4500 34.9300 64.6702
35.0400 36.2100 60.6188
