1.6400 2.3200 62.1675
2.4800 3.7400 67.2671
3.9400 4.4800 71.6112
4.6900 5.8400 67.3151
6.6800 7.8800 67.3402
8.0900 8.6400 71.3529
8.7500 9.6400 69.3818
10.6500 11.2200 67.4425
11.3200 11.8200 69.3891
12.0500 12.5300 71.2639
12.7200 13.8300 64.2487
14.6300 15.7500 62.3821
15.9800 16.4900 71.4794
16.6000 17.6000 69.2942
18.4300 18.7000 71.3905
18.8700 19.9500 67.4744
20.5100 20.7800 64.7114
20.9400 22.0400 67.5498
22.2900 22.9000 64.3969
23.0000 24.2300 62.3078
24.4200 25.0000 71.2615
25.1000 26.1000 69.3725
27.0500 27.6300 67.6109
27.7200 28.3100 69.4419
28.4800 28.9600 71.5279
29.0800 30.2100 64.4670
31.0500 32.3100 62.4520
32.5400 33.0600 71.5300
33.1800 34.3600 69.5332
