1.3800 2.2200 64.3341
2.3700 3.0800 67.6580
3.1700 4.1800 60.1358
4.7500 5.4800 62.3299
5.6000 6.2600 64.5817
6.5100 7.4500 55.7044
8.4200 9.0800 60.3506
9.1800 9.9200 62.3866
10.0000 10.7600 64.4077
10.9200 11.9200 67.5109
12.1100 14.4700 62.2159
16.2400 17.1700 64.2928
17.3300 18.1300 67.6554
18.2500 19.4100 60.5487
19.9300 20.8600 63.0355
20.9700 21.7200 65.1432
21.8800 23.3500 57.9882
23.9800 24.8200 63.4458
25.0300 25.8600 56.2783
26.0300 26.8500 63.5269
26.9500 27.8600 65.6313
28.0100 30.3600 61.3136
32.1500 33.9800 69.2899
34.1800 35.3400 67.1431
35.9400 37.9200 69.3202
38.0100 39.1700 60.5991
40.1500 41.0400 64.5273
41.1900 41.9600 69.3815
42.0600 42.9400 64.5563
43.1300 43.9000 67.3986
44.0900 46.1400 62.2723
48.0400 48.9000 64.0012
49.0800 49.8800 67.0678
49.9900 51.4700 60.1217
51.7700 52.6700 62.7785
52.8100 53.6300 64.7631
53.7500 55.0500 57.3505
56.0600 56.8400 63.0516
57.0400 57.9900 55.6253
58.1900 59.0300 62.9641
59.1500 60.3100 64.9110
60.4000 62.1900 60.3350
