0.9200 1.6600 61.9187
1.8300 3.3000 66.7276
3.4900 4.1300 71.0155
4.3100 5.6800 66.7504
6.4400 7.6900 66.6699
7.8900 8.5400 70.8744
8.6400 10.0500 68.5976
10.6700 11.2800 66.7332
11.4000 11.9900 68.9221
12.1800 12.7700 70.9313
12.8500 14.0200 63.8343
14.8300 16.1300 61.9016
16.3400 16.9700 70.6493
17.0300 17.9200 68.5597
18.9100 19.1900 70.6071
19.4200 20.5800 66.3820
21.1600 21.5100 63.7818
21.7000 22.5800 66.4918
23.1300 23.7900 63.4668
23.8900 25.0700 61.2848
25.3100 25.9600 70.5214
26.0300 27.1700 68.4427
28.0400 28.6800 66.7088
28.7300 29.3400 68.8311
29.5500 30.1300 70.6259
30.2000 31.5200 63.8303
32.1900 33.5200 61.4808
33.7400 34.4400 70.5244
34.5000 35.2400 68.2579
