0.7700 1.1900 60.4973
1.2700 1.4300 61.7975
1.5300 1.7300 63.2416
1.8300 2.2700 65.2487
2.3600 2.5900 62.5739
2.6800 2.8400 60.4329
2.9500 3.7900 61.1617
4.2600 4.6800 61.0937
4.7400 4.9300 61.4988
4.9800 5.1900 62.8602
5.2900 5.7400 65.2304
5.8000 6.0100 63.4157
6.1100 6.2600 61.4424
6.3600 7.1900 61.6275
7.6600 8.3600 61.4384
8.4100 8.6200 63.7219
8.7200 9.2200 65.6796
9.6900 10.1200 65.7251
10.2400 10.4100 63.0604
10.5100 10.7100 65.9467
10.8600 11.3600 68.0136
11.8700 12.2900 68.0581
12.3600 12.6100 63.0639
12.7200 13.1800 65.9920
13.3100 13.4500 63.1223
13.5700 13.7700 60.7413
13.8700 14.8000 61.0743
