1.0800 1.8400 47.0482
1.9500 2.2900 46.9501
2.4000 2.7300 49.2881
2.9100 3.6500 52.3734
3.7600 4.1200 49.4955
4.2100 4.5500 47.5611
4.6600 6.8500 47.3403
8.3000 9.0600 47.3739
9.1600 9.4900 47.2477
9.5600 9.8700 49.3429
10.0900 10.8500 52.7855
10.9500 11.3200 49.4076
11.4100 11.7800 47.7296
11.8700 14.1100 47.6220
15.4200 16.6800 47.6687
16.7100 17.0400 49.6951
17.2400 18.2900 52.6674
18.9200 19.5600 52.6291
19.7000 19.9700 49.2424
20.1100 20.3800 52.5641
20.5500 21.5500 54.3757
22.1200 23.1400 54.4721
23.2700 23.5900 49.3136
23.8100 24.4300 52.5098
24.5600 24.8900 49.2936
24.9700 25.2800 47.3510
25.4000 27.5700 47.6390
