0.8100 1.2600 60.3444
1.3200 1.5200 60.3196
1.5900 1.8200 62.2392
1.9300 2.4200 64.8587
2.5500 2.7700 61.2368
2.8400 3.0800 60.1646
3.1700 4.4600 60.3556
5.4100 5.8500 60.6075
5.9400 6.1200 60.3752
6.2200 6.4800 62.3117
6.6300 7.0800 65.4053
7.2000 7.4000 62.2413
7.4900 7.7700 60.8505
7.8300 9.0600 60.6494
10.0300 10.6700 60.8782
10.8000 11.0100 62.9476
11.1100 11.7200 66.0703
12.2500 12.6600 65.8970
12.7400 12.9500 62.6024
13.0600 13.2400 66.0636
13.3600 13.9300 67.6867
14.4400 15.1000 68.0380
15.2400 15.5800 62.4426
15.6900 16.1700 66.0535
16.2500 16.5000 62.9123
16.5700 16.7800 61.2252
16.8600 18.0400 60.7782
