1.1600 1.6400 72.2564
1.7300 2.2000 72.3064
2.2900 2.4500 69.5232
2.5800 2.7700 66.9338
2.8800 3.3800 65.3350
3.4500 3.6300 62.4523
3.7400 3.9100 64.9639
4.0500 4.2500 67.3469
4.3300 4.5300 62.4107
4.6700 5.4200 65.3325
5.8000 6.3200 62.1712
6.4400 6.8800 65.6114
6.9700 7.2200 69.7658
7.3000 7.4900 69.8844
7.6300 8.0300 67.7098
8.2000 8.4300 67.1869
8.5000 8.7100 69.5494
8.8000 8.9600 72.7183
9.0900 9.2700 65.0594
9.4300 10.1300 67.4096
10.5700 10.7900 69.8509
10.8300 11.0300 69.7776
11.1500 11.3100 67.7880
11.4000 11.6600 72.5134
11.8500 12.5300 69.3457
13.0100 13.1600 67.2973
13.2900 13.4800 66.9698
13.5800 13.7500 65.3891
13.8900 14.1000 67.0553
14.1800 14.9000 62.3861
15.3300 15.8100 60.2617
15.8700 16.1300 62.5189
16.1400 16.3200 62.3298
16.4700 16.6800 67.7827
16.8100 17.0400 67.3851
17.1200 17.3300 69.3578
17.4100 17.6200 69.5184
17.8100 18.1300 67.4954
18.4800 18.9300 67.2605
19.1100 19.8200 65.1280
