0.8900 1.6900 64.5083
1.8500 2.5000 67.6760
2.6200 3.4200 59.9837
3.8100 4.4500 62.1816
4.5000 5.0300 64.1104
5.2000 5.9800 55.2503
6.4400 6.9700 60.3861
7.0400 7.5600 62.3604
7.6400 8.1300 64.3014
8.3200 8.8800 67.3997
8.9900 10.5800 62.1424
11.2400 11.7600 64.1885
11.9500 12.5000 67.1858
12.6400 13.4000 59.6712
13.8200 14.3500 62.2392
14.4500 14.9300 64.1456
15.0200 15.7600 56.6139
16.2200 16.6800 61.8440
16.8800 17.3900 55.1103
17.4600 17.9900 62.5346
18.0900 18.6600 64.2713
18.7800 20.1400 59.7105
20.9000 22.0600 69.4164
22.2400 22.9200 67.3725
23.4100 24.5600 69.2799
24.6900 25.3700 59.6462
25.8200 26.3700 64.2840
26.4900 27.0800 69.2044
27.1700 27.6900 64.0458
27.8800 28.4000 67.3625
28.5000 29.8700 62.2495
30.6600 31.3100 64.1784
31.5000 32.0000 67.3773
32.1200 32.8700 60.0514
33.2700 33.8300 62.4788
33.9100 34.4300 64.4518
34.5300 35.2500 57.3313
35.6900 36.1800 62.5497
36.3900 36.8700 55.2051
36.9300 37.4400 62.5434
37.5400 38.2300 64.5151
38.3200 39.2900 60.0888
