0.8800 1.5300 67.3734
1.6600 2.0000 60.4763
2.0300 2.3200 62.2906
2.3900 2.6600 64.3127
2.7700 3.0400 65.4646
3.2000 4.4700 67.2714
4.6100 4.9000 59.4289
5.3500 6.1600 69.4439
6.2900 6.5200 64.8142
6.6800 6.9500 67.4600
7.0400 7.2700 69.9474
7.4000 7.7200 71.8073
7.7900 9.0600 72.2827
9.1600 9.5000 59.7274
9.9500 10.5800 65.4372
10.7200 10.9700 67.2065
11.0600 11.3800 65.1525
11.4600 11.7700 64.2987
11.8400 12.1600 62.2616
12.2400 12.6300 64.3039
13.0100 13.3100 65.2794
13.3700 13.7300 64.2122
13.8000 14.1000 61.7473
14.1800 14.4900 59.7065
14.6600 15.0800 58.8235
15.4500 15.7900 59.9202
15.8400 16.1800 62.0688
16.2400 16.5600 64.2423
16.6300 16.9900 59.8022
17.0600 17.3700 63.9550
17.5000 17.8000 67.1011
17.8800 18.2100 59.5785
18.2700 18.5900 61.7934
18.6600 18.9300 64.0743
19.0500 19.3300 65.0159
19.5500 19.8500 67.3608
20.3800 20.6900 59.9163
20.7500 21.0600 62.1823
21.1400 21.4100 64.5664
21.5200 21.7800 65.2935
21.9800 23.4300 67.3466
23.5500 23.8500 59.1958
24.4200 25.1200 69.4083
25.2500 25.5200 65.0562
25.6600 25.9600 67.4291
26.0500 26.3000 69.7277
26.4200 26.7900 72.0044
26.8400 28.1700 72.4844
28.2700 28.5900 59.8254
29.0400 29.5800 65.4993
29.7400 29.9800 67.2278
30.1000 30.4000 65.0742
30.5000 30.8000 64.2540
30.9100 31.2100 62.2851
31.2800 31.6500 64.2891
32.0700 32.3600 65.0742
32.4300 32.7700 64.1849
32.8400 33.1800 61.7895
33.2500 33.6100 59.6341
33.6900 34.0600 61.8549
34.4500 34.9000 63.8692
35.0000 35.3600 61.8216
35.4500 35.7100 59.9977
35.8700 36.2300 59.0821
36.3200 37.3100 59.7975
