1.1800 1.5500 47.7296
1.6300 1.7900 47.7584
1.8600 2.0600 49.8337
2.1800 2.5000 52.8710
2.5700 2.7800 49.0665
2.8400 3.0500 47.1176
3.1300 4.1000 47.9130
4.9100 5.2400 47.4993
5.3500 5.5000 48.2032
5.5700 5.7500 49.9016
5.8700 6.2100 52.9045
6.3000 6.4700 48.8736
6.5600 6.7400 47.3253
6.8600 7.5500 47.8788
8.6600 9.1400 47.9195
9.2100 9.3600 50.1789
9.5100 9.9400 53.1631
10.5700 10.8500 53.2216
10.9800 11.1200 50.0492
11.2500 11.4000 53.5602
11.5300 11.8800 56.1189
12.6200 13.2000 55.9351
13.2700 13.4600 50.7053
13.5800 13.9300 52.9680
14.0200 14.1900 49.6928
14.2500 14.4400 47.6526
14.5400 15.4400 48.1748
