1.0300 1.7600 58.7188
1.8900 2.1900 58.3948
2.2800 2.6000 60.9651
2.7300 3.4100 63.9259
3.5400 3.8600 59.8132
3.9400 4.1900 58.2411
4.3000 6.1800 58.8414
6.8200 7.4500 58.4026
7.5300 7.9000 58.7598
7.9300 8.2400 61.1216
8.3500 9.0200 63.9220
9.1400 9.4400 59.8532
9.5200 9.7800 58.5855
9.8800 11.2600 58.7490
11.9200 12.8000 59.0697
12.9100 13.1600 60.9886
13.2500 14.0200 63.9036
14.5900 15.1600 63.7628
15.3300 15.5800 60.1531
15.6900 15.9200 62.8427
16.0100 16.8800 66.2646
17.3500 18.1400 66.4977
18.2900 18.5400 61.2952
18.6800 19.2400 64.0641
19.3200 19.6300 60.2575
19.7000 19.9800 58.1971
20.0600 21.8300 58.9645
