0.8200 1.0900 61.2899
1.2700 1.4600 70.4289
1.5800 1.8800 67.5686
1.9600 2.2500 65.6349
2.3600 3.1300 60.9457
3.6200 3.9000 60.4522
4.0100 4.2500 68.8397
4.4000 4.6600 66.7354
4.7600 5.0800 64.5385
5.2000 6.1300 62.8093
6.6800 6.9400 62.4793
7.0800 7.3500 70.6971
7.3600 7.6900 69.1160
7.8100 8.1700 67.5831
8.3200 9.0800 64.7295
9.6800 9.9800 72.2273
10.0500 10.3400 72.3107
10.4300 10.7100 69.8858
10.8100 11.1400 67.6568
11.2200 12.0400 69.1668
12.5900 12.8500 60.0817
12.9500 13.1900 69.9174
13.3400 13.6200 67.7880
13.7300 13.9900 64.1007
14.1100 14.8900 59.9704
15.6300 15.9000 59.9453
16.0000 16.2400 69.3076
16.3700 16.6400 67.4500
16.7200 17.0600 64.7621
17.1900 18.0900 61.9903
18.7600 19.0600 63.0578
19.1600 19.4400 71.3407
19.5200 19.7900 68.4686
19.9200 20.2200 66.2384
20.3900 20.6400 72.8032
20.7400 21.0200 72.5207
21.1200 21.3900 72.5949
22.1300 22.6500 73.9577
22.7100 23.0100 71.6124
23.1900 23.4600 70.2117
23.6400 23.9600 67.0370
24.1100 24.9000 64.9434
