1.1100 1.7400 48.7137
1.8000 2.1900 57.1009
2.3200 2.7700 55.2760
2.8700 3.2900 52.9172
3.4200 6.8900 48.0490
7.6700 8.6200 47.9445
8.6600 9.4200 57.0073
9.5900 10.4500 55.5179
10.6000 11.5000 52.9840
11.5900 14.6000 50.0977
15.3300 16.1900 50.2266
16.4000 17.2500 58.2107
17.3000 18.1400 57.0144
18.3000 19.0600 55.3376
19.1600 22.1400 52.2342
22.8000 23.6600 59.9983
23.7100 24.5300 60.0839
24.6800 25.4000 58.1320
25.5800 26.4300 55.0599
26.5100 29.2100 57.1653
29.9500 30.8100 48.0666
30.8900 31.6500 57.2014
31.8200 32.5800 55.4618
32.7400 33.5500 53.3082
33.6300 36.5600 48.3952
37.3100 38.2300 48.1445
38.3200 39.0700 57.3357
39.2300 40.0700 55.3903
40.1600 41.0200 53.0052
41.0900 43.9900 50.0221
44.7300 45.5500 50.1538
45.7500 46.6000 58.2000
46.6700 47.4400 57.3492
47.5800 47.9400 55.3998
48.4500 49.2200 60.1189
49.3000 50.1500 60.3012
50.2200 51.4600 60.3771
52.1300 52.9300 62.0856
53.0000 53.7300 60.3652
53.9400 54.6500 58.5482
54.8100 55.6300 55.2422
55.7900 58.8500 53.2285
