1.6400 2.4400 67.3246
2.5900 2.9600 60.5592
3.0300 3.3600 62.3189
3.4700 3.8000 64.3444
3.9100 4.2400 65.2350
4.4100 6.0100 67.2737
6.1600 6.5600 60.4743
7.0400 7.8500 69.3230
7.9600 8.2700 65.2777
8.4100 8.8200 67.4148
8.9000 9.1700 69.3838
9.3000 9.7100 71.4936
9.7900 11.3300 72.1573
11.4600 11.8200 60.4788
12.4000 13.1200 65.5093
13.2400 13.6200 67.9246
13.7100 14.0500 65.6126
14.1100 14.4400 64.7156
14.5100 14.8700 62.7905
14.9300 15.2900 64.4697
15.7500 16.0800 65.6139
16.1800 16.4800 64.4342
16.5400 16.8300 62.4506
16.9600 17.3100 60.7500
17.4800 18.0400 59.6254
18.3000 18.6600 60.9067
18.7000 19.0300 62.5584
19.1200 19.4100 64.7045
19.5000 19.6200 61.1828
20.3400 20.7200 62.2498
20.8400 21.2300 67.4455
21.3300 21.7100 60.3001
21.7500 22.1100 62.5835
22.1800 22.4900 64.6839
22.5900 22.8800 65.6436
23.0700 23.7400 67.5623
23.8800 24.2600 60.5882
24.3200 24.6400 62.5677
24.7600 25.0400 64.4214
25.2100 25.4700 65.2038
25.6100 26.6900 67.6001
27.2300 28.1100 60.5615
28.2400 28.9500 69.7290
29.0500 29.3800 65.3866
29.5000 29.8400 67.9504
29.9000 30.2100 69.4397
30.3300 30.6700 71.6968
30.7800 32.2400 72.8761
32.4200 32.6800 60.6530
33.2400 34.0000 65.7749
34.1100 34.4000 67.8617
34.5000 34.8700 65.5924
34.9500 35.3100 64.9467
35.3500 35.6800 63.0855
35.7500 36.0800 64.8892
36.5800 36.9600 66.1268
37.0100 37.3500 64.8142
37.4000 37.7000 62.6130
37.8000 38.1900 61.0427
38.2800 38.9700 62.8146
39.1000 39.4800 64.8642
39.5100 39.8100 62.5227
39.9200 40.1900 60.7558
40.3300 40.6800 59.4225
40.7500 42.6500 60.7684
