0.7400 1.2000 58.1484
1.3600 1.6700 58.4867
1.7300 1.9800 61.1100
2.1400 2.5800 63.9110
2.7100 2.9400 60.7961
3.0700 3.2600 59.1039
3.4200 4.2800 58.6679
4.9700 5.4200 58.7214
5.5800 5.8400 58.8633
5.9100 6.1600 60.9667
6.3000 6.7700 63.9506
6.8800 7.1400 60.3001
7.2300 7.4600 58.3023
7.5800 8.2900 58.0028
9.1300 9.7400 58.1499
9.7900 10.0200 60.2545
10.1600 10.7200 63.1812
11.3000 11.7800 63.0701
11.9100 12.1000 59.1089
12.2300 12.4200 62.5703
12.5600 13.1400 64.7338
13.7300 14.2700 65.1590
14.4100 14.6300 60.9469
14.7400 15.1600 63.3800
15.2700 15.4700 60.3613
15.6200 15.8100 58.7418
15.9400 16.7200 58.5637
