2.9800 3.3600 47.8111
3.4100 3.7300 56.3810
3.9000 4.2000 55.3896
4.3600 4.6700 52.7095
4.8100 5.7900 47.7277
6.8300 7.2200 47.5995
7.3100 7.6500 56.9090
7.8000 8.1700 54.6175
8.2900 8.6400 52.3872
8.7500 10.2400 49.4850
10.7900 11.1500 49.7504
11.3100 11.6900 57.1826
11.7300 12.1400 55.5517
12.2700 12.6300 54.3106
12.6400 14.1300 51.5978
14.9000 15.1700 60.4361
15.2500 15.6800 59.9541
15.8200 16.1800 57.9137
16.3300 16.8000 54.9172
16.8000 18.1600 57.0693
18.8500 19.2900 48.3115
19.3500 19.7300 57.2234
19.8800 20.3000 53.9856
20.4300 20.7800 52.4641
20.9100 22.1000 47.5069
22.9700 23.3800 48.0124
23.4200 23.8400 57.4179
23.9700 24.3400 54.3494
24.5000 24.9700 51.7113
25.0400 26.1900 49.5746
27.0200 27.4000 50.0903
27.5600 27.9600 57.9008
28.0300 28.3500 56.7988
28.5300 28.9100 53.2643
29.0100 29.4000 58.9854
29.5000 29.8900 58.8659
29.9900 30.3200 58.8959
31.1400 31.4000 60.7886
31.5000 31.8800 59.0950
32.0200 32.3400 56.9902
32.5000 32.8300 53.6769
33.0100 33.6400 52.1083
