0.9900 1.3300 59.4907
1.4400 1.7000 68.8300
1.8200 2.0900 66.5528
2.2200 2.5200 65.0732
2.6400 3.5100 59.7865
3.9500 4.2800 59.9560
4.3900 4.6400 68.5435
4.7300 4.9800 66.6568
5.1100 5.4200 64.1076
5.4600 6.3000 61.7990
6.8200 7.0700 61.5724
7.2300 7.5000 69.9330
7.5500 7.7900 68.8242
7.9400 8.1600 66.7207
8.2900 9.1200 63.4661
9.6000 9.8600 71.9137
9.9300 10.2100 71.8954
10.3400 10.5400 69.9674
10.6800 10.9700 66.4702
11.0500 12.0100 68.4396
12.4500 12.7500 59.0595
12.7900 13.0600 68.0875
13.1900 13.4200 66.3677
13.5300 13.8000 64.6430
13.8600 14.6800 59.3449
15.1700 15.4600 59.3978
15.5600 15.8000 68.5841
15.9100 16.1200 66.2989
16.2300 16.5500 63.8542
16.6100 17.3400 61.1774
17.8700 18.1600 61.3846
18.3200 18.6100 69.0197
18.6500 18.9000 68.4605
19.0100 19.2700 66.3373
19.3500 19.6000 71.5030
19.6800 19.9300 71.3665
20.1500 20.7400 71.3562
20.7800 21.0200 73.8240
21.1100 21.3500 71.3682
21.4900 21.7100 69.1632
21.8000 22.0500 66.1246
