0.6500 1.0200 59.1982
1.1800 1.4700 60.0967
1.5600 1.9200 68.1072
2.0300 2.3200 66.9841
2.4500 2.7600 64.5155
2.8800 4.0800 60.1175
4.5500 4.8400 60.8746
4.9300 5.2300 68.7278
5.3300 5.6200 67.1601
5.7200 6.0600 64.9390
6.1300 7.4300 62.0236
7.8300 8.1300 61.9016
8.2700 8.6300 69.8504
8.6700 8.9800 68.8882
9.0900 9.4200 66.5981
9.5100 10.9200 63.9402
11.3000 11.6200 72.0935
11.6400 11.9600 72.1415
12.0900 12.3400 70.3415
12.4600 12.8400 66.7362
12.8800 14.1200 68.9207
14.4700 14.8100 61.4790
14.8700 15.1500 68.8934
15.2300 15.4900 66.8805
15.6000 15.8900 64.3969
15.9900 17.0100 59.9843
17.5000 17.7900 60.3638
17.8800 18.1300 69.3833
18.2400 18.5500 67.0863
18.6300 18.9900 64.9505
19.0300 20.2700 62.0108
20.6500 20.9100 61.8214
21.0600 21.4000 70.0538
21.4300 21.7300 68.7423
21.8400 22.1200 66.5642
22.2300 22.5500 72.3270
22.6000 22.9400 72.0540
23.0200 23.7900 72.1962
23.9000 24.2400 73.5794
24.5200 24.8400 74.2585
24.8900 25.1600 72.2144
25.3000 25.6200 70.2856
25.6500 25.9400 68.7005
26.5600 26.9800 74.1262
27.0000 27.3000 72.3343
27.4200 27.7300 70.3433
27.7500 28.0300 68.7842
28.4700 29.0600 73.8046
29.0900 29.3900 71.7843
29.5100 29.7600 70.2011
29.8800 30.1600 67.1278
30.2900 31.3200 64.9424
