1.6300 1.9800 60.1589
2.0400 2.3300 67.5708
2.4600 2.7500 65.5565
2.8600 3.2200 63.3259
3.3200 4.5400 57.9619
5.0200 5.3100 60.9715
5.4100 5.6900 68.9429
5.8200 6.0800 67.3322
6.1900 6.5000 65.0180
6.5700 7.6500 62.0477
8.1700 8.4900 62.7996
8.6300 8.9700 70.5379
9.0100 9.3000 68.2974
9.4400 9.7500 65.6848
9.8300 10.8800 62.7845
11.4900 11.7800 72.2204
11.8800 12.1600 72.1252
12.3100 12.5800 70.2685
12.7000 13.1000 66.6979
13.1300 14.1800 68.7240
14.7900 15.1100 60.1326
15.1600 15.5000 68.5524
15.5600 15.8400 66.5143
15.9600 16.2600 64.5279
16.3700 17.4600 59.0133
18.0000 18.2900 60.5833
18.3600 18.7100 69.4245
18.7500 19.0300 67.9058
19.1600 19.4800 66.1207
19.5300 20.5700 62.6075
21.1200 21.4300 64.0434
21.5500 21.8400 71.3292
21.8800 22.1700 69.7233
22.3000 22.6000 67.7528
22.7000 23.0000 72.4100
23.1200 23.4200 72.4651
23.5300 24.0200 72.4928
24.3300 24.6700 74.0424
24.7600 25.0300 72.2367
25.1700 25.4300 71.1333
25.5700 25.8200 68.5112
25.9800 27.1100 66.7992
