0.4400 1.1100 59.7822
1.2400 1.5100 59.7370
1.5900 1.9400 62.1005
2.1000 2.9100 64.5336
2.9500 3.2700 60.6121
3.4000 3.7000 59.5842
3.8500 5.5900 59.6757
7.4300 8.1700 59.5455
8.3200 8.6300 59.6631
8.6700 9.0600 61.6828
9.2100 9.9200 64.3160
10.0700 10.3800 60.0877
10.5200 10.8500 59.3272
11.0300 12.8400 59.5124
14.6500 15.4500 59.6575
15.4500 16.2800 60.4223
16.4300 17.5900 64.4905
18.1700 19.0800 64.8985
19.1200 19.3700 60.7438
19.5000 19.8400 64.1402
20.0200 21.0600 66.4398
21.7500 22.7600 66.7293
23.1200 23.3400 60.9329
23.5000 24.2300 65.1660
24.3300 24.6900 61.2273
24.8100 25.1500 59.8357
25.3100 26.1500 59.8999
