0.0600 0.2800 58.6023
0.3600 0.5700 67.0553
0.7300 0.9400 65.2197
1.0700 1.3400 63.4696
1.4600 2.4600 58.7541
3.0100 3.2600 59.5457
3.3400 3.5700 67.9548
3.7300 3.9200 65.8492
4.0500 4.3500 64.1589
4.4400 5.5600 61.3030
6.0500 6.3000 61.6176
6.4700 6.7100 69.0698
6.8000 6.9800 67.4240
7.1700 7.4500 65.7457
7.5900 8.6000 62.5418
9.1100 9.3400 69.8634
9.4200 9.6600 70.1439
9.8100 10.0100 67.8707
10.1700 10.4300 65.8522
10.5400 11.5300 67.6071
12.0000 12.2400 60.1482
12.3400 12.5400 68.3646
12.6800 12.9100 66.5613
13.0400 13.2900 63.9565
13.4400 14.4900 59.1823
14.9400 15.2100 59.4941
15.2900 15.5000 68.3230
15.6400 15.8600 66.2941
16.0000 16.3000 64.1068
16.3900 17.4200 61.1174
17.8400 18.1000 60.7494
18.2700 18.5500 69.1723
18.6200 18.8300 67.2713
18.9700 19.2000 65.1338
19.3300 19.5600 71.9544
19.6600 19.9100 71.8187
20.0200 20.6600 71.8539
20.8100 21.0400 74.1353
21.1300 21.3700 71.9475
21.5000 21.7000 69.1984
21.8500 22.0800 66.7696
22.2200 24.0200 64.6532
