2.3900 2.9000 60.0211
3.0400 3.3800 59.9458
3.4200 3.7300 62.3334
3.9600 4.6000 65.3293
4.7300 5.0400 60.8546
5.1500 5.4600 60.0358
5.6000 7.8600 60.0022
9.1600 9.9300 59.9420
10.0500 10.4000 60.0907
10.4500 10.7800 62.6993
10.9600 11.7400 65.7375
11.8300 12.1800 60.6918
12.2900 12.6300 59.8895
12.7500 14.8300 59.8670
16.3600 17.6800 59.9376
17.7600 18.0400 62.9818
18.1700 19.5700 65.7264
19.8500 20.7900 66.4978
20.8500 21.1000 62.7249
21.2300 21.5700 65.7538
21.7500 22.8700 67.3561
23.5100 24.8200 67.0682
24.8900 25.2000 61.8395
25.3000 26.0200 66.0613
26.2400 26.4700 61.8385
26.6000 26.9400 60.1160
27.0700 28.1100 59.7756
