0.6200 1.2100 59.9775
1.3200 1.9000 60.0248
2.0200 2.5600 62.3452
2.7200 3.3100 63.8198
3.4800 4.0900 59.6360
4.2100 4.8200 63.9562
4.9300 5.4800 61.9359
5.7000 6.2400 56.1988
6.4100 7.0200 59.7744
7.1600 7.8500 60.0234
7.9600 8.5400 62.0006
8.6800 8.9000 63.9231
9.3800 10.7400 60.0914
10.8700 11.4400 59.9190
12.4500 13.0100 60.1580
13.1700 13.7300 59.9838
13.9100 14.4700 62.1166
14.6500 15.1800 64.1557
15.3700 16.0100 64.8392
16.1300 16.7900 63.9189
16.8700 17.5500 62.0574
17.6400 17.9400 59.7891
18.6900 19.1200 59.7651
19.3700 20.0500 54.7457
20.1500 20.7700 56.6055
20.9300 21.5200 58.7739
21.6500 22.9800 60.1479
23.1000 23.8000 60.3520
24.8900 26.1200 67.2043
26.3000 26.6100 69.6632
26.7100 27.2300 67.3980
27.4500 28.0600 65.4830
28.2100 28.7600 69.5162
28.9400 29.5100 71.5697
29.6300 30.6300 72.2726
31.3900 32.3600 67.4572
32.5000 32.7100 69.3264
32.9100 33.3600 67.2985
33.5500 34.1300 65.2643
34.2500 35.4500 64.5435
35.6500 36.2800 66.9871
37.3700 38.2600 67.0202
38.4800 38.7200 68.8110
38.8400 39.3300 67.0292
39.5400 40.1400 64.3008
40.2900 40.8400 67.5906
41.0400 41.6300 69.3037
41.7300 42.4300 70.7961
42.5600 43.1200 68.0352
43.3500 43.9100 65.9839
44.0500 44.6600 70.8940
44.8400 45.4300 70.2468
45.5600 46.1000 73.1954
46.2400 47.5200 71.0459
47.6400 48.2500 71.0589
