0.8600 1.4500 64.0196
1.6300 2.1900 66.9739
2.3200 3.5900 59.7897
3.6800 4.3000 61.7670
4.4400 4.9400 63.6639
5.1500 6.0200 55.2856
6.5400 7.1600 60.2649
7.2600 7.9000 62.1676
7.9900 8.5700 64.2346
8.7400 9.3300 67.2155
9.4500 11.5500 61.9858
12.1800 12.7300 64.0568
12.9100 13.4300 66.6290
13.6100 14.9500 59.6589
15.0500 15.6500 61.8584
15.7900 16.3700 64.0405
16.4900 17.4800 56.7645
18.0500 18.6000 62.1387
18.7800 19.4000 54.7195
19.5300 20.1300 61.8638
20.2700 20.8700 64.0589
21.0300 22.8700 59.7078
23.8000 25.0400 68.8396
25.2200 26.5700 67.1839
26.6700 27.9000 68.8771
28.0600 28.8800 60.2478
29.4400 30.1000 63.7853
30.2000 30.8000 56.3903
30.9200 31.4500 63.2512
31.6500 32.2800 66.8935
32.4000 34.4400 61.7114
35.3800 35.8900 64.1285
36.0700 36.6300 67.0410
36.7800 38.0900 59.7291
38.2300 38.8500 62.0133
38.9900 39.6600 64.3261
39.7400 40.6000 56.9264
41.1500 41.7600 61.7150
41.9700 42.5200 54.9630
42.6400 43.2700 61.6573
43.3900 44.0200 63.8476
44.1600 45.8600 59.6237
