0.6500 1.4300 66.9141
1.5700 1.9700 59.4743
2.0300 2.4300 61.7378
2.5300 2.8800 63.5678
3.0200 3.3600 65.1954
3.5800 4.5300 67.1560
5.5500 6.0400 58.9749
6.8100 7.5800 68.1438
7.7300 8.0000 63.8157
8.2000 8.6700 66.7371
8.6800 8.9800 68.3067
9.1800 9.5600 70.1997
9.8000 11.5400 71.1880
12.0600 12.8200 60.4991
12.9600 13.2900 64.6438
13.3600 13.7200 64.9906
13.9200 14.1700 67.1913
14.3100 14.6800 65.2913
14.7800 15.1700 63.8917
15.2800 15.4800 62.3571
15.8800 16.5800 63.7974
16.8100 17.2100 65.0046
17.3300 17.7400 63.6108
17.8100 18.1800 61.7121
18.3300 18.5500 60.5775
18.9700 19.8300 59.6889
19.9800 20.3700 59.9467
20.4500 20.8600 61.2252
20.9400 21.3100 62.9350
21.4500 21.7400 59.1563
22.1800 22.4500 61.9164
22.6500 22.9400 66.5054
23.1700 23.5000 60.3736
23.5100 23.7100 61.8082
24.1100 24.3300 62.4845
24.4800 24.8100 64.8142
25.0500 25.7400 66.8850
26.1800 26.4800 60.0742
26.8600 27.0300 61.4003
27.1200 27.4400 63.9263
27.5800 27.8600 65.0258
28.1200 28.8600 66.9304
30.0500 30.7900 59.5898
31.2400 32.0200 68.4905
32.2000 32.5700 65.2489
32.6700 33.0600 66.7155
33.3100 33.6700 67.7401
33.8700 34.0100 69.0426
34.2600 34.8600 71.0327
36.2400 36.6400 61.0614
37.4800 38.1300 64.5777
38.3300 38.6200 66.5981
38.7700 39.1800 64.4678
39.3000 39.7700 63.0925
39.8100 40.3100 61.6343
40.4000 41.2700 63.4903
41.4000 41.7500 64.8371
41.8800 42.0700 63.0009
42.4300 42.7800 61.7253
42.9000 43.3100 59.3510
43.4500 44.1800 61.2983
44.4500 44.7800 63.7730
44.9300 45.3100 61.5098
45.4400 45.7400 59.7136
45.9500 46.2400 58.7925
46.4300 47.7700 59.7689
