0.9900 1.8100 59.9299
1.9700 2.4000 60.0841
2.4800 2.8900 62.0864
3.0900 4.0000 65.0135
4.1900 4.6200 62.0903
4.6700 5.1400 59.9820
5.2400 6.7800 59.9187
8.2000 9.1200 60.0660
9.2200 9.5700 59.7696
9.6200 10.0600 62.1352
10.2600 11.2600 65.0478
11.4100 11.8700 62.1955
11.9400 12.4400 59.9899
12.5500 13.8000 59.9420
15.2600 15.3800 60.1630
16.4700 16.8900 62.7512
17.0700 18.4600 64.8173
19.3100 20.1600 64.8433
20.2600 20.6300 61.7142
20.7800 21.0800 64.9473
21.2800 22.4700 66.7758
23.5500 25.1000 66.8090
25.6700 26.1000 62.6254
26.2800 27.7000 65.1973
27.9200 28.3700 62.1027
28.4400 28.9400 60.2476
29.0200 31.5400 59.7761
