1.8900 2.2800 47.6237
2.3700 2.5200 48.1845
2.5700 2.7000 49.4612
2.8200 3.2100 52.4718
3.2700 3.4000 49.1255
3.4900 3.6800 47.7080
3.7600 4.4600 47.5021
5.5800 5.9200 47.5977
6.0300 6.2000 48.0907
6.2300 6.3700 49.6427
6.5100 6.8500 53.2575
6.9400 7.0700 49.1255
7.1700 7.3200 48.2328
7.4400 8.1400 47.8893
9.2000 9.7200 47.9865
9.8600 9.9700 50.0932
10.0900 10.4500 53.2575
11.0600 11.3900 53.3527
11.4600 11.6300 49.4294
11.7000 11.8400 53.1369
11.9800 12.2900 54.9439
13.0800 13.4300 54.8449
13.5000 13.6700 49.9213
13.8000 14.1500 53.4053
14.2300 14.3400 49.5058
14.4400 14.5800 48.2110
14.6400 15.3800 47.9381
