0.5600 1.0900 48.9761
1.2000 1.4700 48.9448
1.5600 1.7400 50.9929
1.8900 2.4700 54.0656
2.6000 2.8000 50.8652
2.9300 3.1400 48.9103
3.2900 4.7700 49.0928
5.9800 6.5100 49.0042
6.6100 6.8600 49.0073
6.9500 7.1200 51.3238
7.2900 7.8900 53.7733
7.9600 8.1800 50.6809
8.3000 8.5400 49.2983
8.6600 10.0800 49.2811
11.3700 12.1800 49.1927
12.2800 12.4800 51.5177
12.6300 13.3500 54.1419
14.0400 14.5400 54.0298
14.6300 14.8400 50.7759
14.9800 15.1800 53.9064
15.3400 16.1000 56.3558
16.7200 17.2400 56.1120
17.3700 17.9200 50.9232
18.0400 18.5300 53.7858
18.6700 18.9200 50.8532
19.0500 19.2700 48.9190
19.4000 20.7400 49.0523
