1.5500 1.8800 46.2154
1.9700 2.2500 56.3465
2.3900 2.6800 54.0597
2.8400 3.2000 52.1001
3.3200 4.5000 46.6194
4.9700 5.2500 46.6858
5.3400 5.6400 55.6219
5.7800 6.0800 54.0081
6.2000 6.5200 51.8482
6.5900 7.8500 48.9017
8.4100 8.7600 49.0749
8.9400 9.2100 57.3891
9.3100 9.5600 56.3497
9.7400 10.0300 53.8207
10.1800 11.3900 50.9717
11.9400 12.2600 59.5446
12.3100 12.6000 59.3385
12.7500 12.9800 57.2151
13.1400 13.4500 54.4847
13.6000 14.6500 56.2636
15.2000 15.5000 46.2886
15.5900 15.8900 56.0809
16.0100 16.3200 54.0470
16.4300 16.7400 51.6581
16.8300 17.9100 46.6225
18.3600 18.7200 46.0225
18.7700 19.0400 55.9759
19.1800 19.4900 53.7561
19.5900 19.9800 51.5524
20.1100 21.1400 48.7145
21.5200 21.9000 48.9618
22.0700 22.3600 56.7877
22.4500 22.6700 55.7116
22.7900 23.0700 53.6505
23.1700 23.4500 59.3098
23.5300 23.8800 59.0012
23.9400 24.4600 59.0685
24.7500 25.1800 61.1421
25.2300 25.4900 59.2697
25.6300 25.8900 57.1215
26.0600 26.3600 54.0894
26.5100 27.7300 52.1242
