1.0800 1.5300 64.2769
1.6600 2.1300 65.4853
2.2900 2.7300 65.6188
2.8600 3.2900 64.9903
3.4200 3.8300 65.0646
3.9200 4.1400 63.1407
4.2700 4.5500 66.4277
4.6100 5.2800 68.3016
5.7800 6.0100 70.1235
6.0800 6.2600 67.3623
6.3900 6.7300 64.9183
6.7800 6.8700 67.3932
6.9500 7.1400 65.0938
7.2400 7.5100 63.0510
7.6000 7.7500 60.7458
8.1400 8.3200 63.4428
8.4500 8.6800 65.2685
8.8000 9.2500 65.1715
9.4000 9.5800 65.2873
9.9400 10.1000 63.2827
10.2400 10.4200 64.9421
10.5000 10.7400 61.8091
10.7700 10.9700 59.6575
11.1200 11.2700 57.8981
11.3300 11.5600 56.5314
11.6800 12.1300 58.8488
12.2000 12.3600 61.3239
12.7700 12.8200 59.4709
12.8600 12.9900 57.9344
13.1300 13.3000 59.2970
13.3900 14.9000 56.6823
