1.1400 1.5600 60.2708
1.6300 2.0000 67.9396
2.0500 2.4100 68.9211
2.5000 2.9100 71.9648
2.9800 3.3300 68.8981
3.4400 3.7900 66.9486
3.9000 4.5000 65.1927
4.6100 4.7800 67.0097
4.8300 4.9800 69.0701
5.0900 5.2500 66.4049
5.3500 6.3600 60.1592
6.7600 7.1200 64.9294
7.2300 7.6500 67.0181
7.7300 8.1200 69.4390
8.2000 8.7300 71.9162
9.1400 9.5900 77.0397
9.6400 10.0000 75.9984
10.1400 10.4600 73.7888
10.5800 10.9400 67.6895
11.0200 12.0900 71.2286
12.4300 13.2500 73.1530
13.3300 13.7200 73.6907
13.8200 14.3300 71.2669
14.7300 15.1200 68.2235
15.2300 15.6100 64.3349
15.7100 15.8400 59.5083
15.9400 16.0900 62.7728
16.1800 16.3300 66.3411
16.4000 16.5900 68.6798
16.7000 17.6600 66.5159
18.0300 18.3900 68.9166
18.4600 18.9000 71.6912
18.9400 19.2900 74.0729
19.4200 19.7900 77.0250
19.8900 20.2400 73.7789
20.3100 20.6800 71.0678
20.7600 21.1100 68.0705
21.4900 21.6400 71.3314
21.7700 22.0900 66.2787
22.2200 23.3900 64.2427
