1.3000 2.2400 65.8142
2.4700 3.3000 68.6816
3.4500 4.8400 60.9482
5.4600 6.3500 64.2206
6.5600 7.2700 66.5419
7.5000 8.8300 56.7070
9.4500 10.3600 62.1298
10.5000 11.2500 64.4020
11.3800 12.1100 66.0063
12.3600 13.1900 69.8026
13.2800 16.2700 65.4421
17.1600 17.9900 65.8373
18.1700 18.9600 68.8270
19.1000 20.3600 60.7410
20.9300 21.8700 64.2791
22.0000 22.7600 66.5268
22.9400 24.7300 56.3785
25.1500 25.9300 63.3712
26.1500 26.9100 56.8603
27.0900 27.8600 63.2630
27.9500 28.4400 66.2569
28.9200 31.4600 61.4114
31.9900 33.8100 70.2869
34.0300 35.3300 68.5230
35.7900 37.6500 70.2909
37.7900 39.1300 59.8040
39.6700 40.5600 64.0559
40.6500 41.6100 56.0361
41.7400 42.4700 63.0721
42.7200 43.2300 66.3158
43.7500 46.1400 62.8902
46.7400 47.5900 64.5610
47.8300 48.6000 67.4716
48.7600 49.9800 59.8510
50.5900 51.5600 62.9364
51.6500 52.4600 65.3160
52.6000 53.8000 56.0396
54.5600 55.4000 62.2171
55.6200 56.4100 55.7970
56.5800 57.4000 62.5388
57.5600 58.4300 64.5150
58.5600 60.8800 60.7415
