2.2800 2.6400 51.8084
2.8100 3.1300 56.7789
3.2400 3.6300 60.3590
3.7000 4.0500 57.4307
4.2100 5.4400 55.4353
5.9600 6.2500 50.8761
6.4200 6.7900 56.2387
6.9000 7.2300 58.6665
7.3100 7.6500 61.4324
7.8400 9.1000 56.1322
9.6900 11.0600 62.4618
11.2000 11.5000 65.8986
11.6000 12.3600 63.6723
12.4700 12.9100 61.3347
13.4100 13.8000 62.8552
13.8900 14.2600 60.0153
14.3700 14.7400 56.6250
14.8300 15.1800 60.7050
15.3600 16.5800 55.0832
17.2500 18.5300 50.1517
18.6800 19.0300 54.0897
19.1300 19.8400 56.4011
20.0400 20.3500 53.1011
20.4800 20.7400 57.7319
20.8700 21.3300 60.1429
22.1100 22.4200 61.5861
22.5800 22.9000 55.2869
23.0000 24.1600 56.9468
24.7200 26.0000 50.4323
26.1200 26.5000 59.7338
26.6000 27.3600 56.7395
27.5600 27.9600 54.2557
28.5100 28.8300 56.5250
28.9300 29.2500 53.8207
29.3800 30.1400 49.0325
30.2800 31.4300 51.1887
32.1000 33.3400 50.5935
33.4900 33.7200 55.4745
33.8900 35.0200 58.1579
35.6400 36.9500 61.8270
37.0800 37.3300 65.8593
37.5000 38.1900 63.1922
38.3000 38.7100 60.8337
39.2000 39.5500 62.6731
39.6200 39.9300 59.9337
40.0700 40.4000 55.8714
40.4800 40.8300 60.1236
40.9000 42.0900 63.6024
