2.4400 3.4200 67.7146
3.4800 3.9900 64.9321
4.0600 4.5900 67.7341
4.7300 5.8300 72.1728
7.0300 8.2600 69.1204
8.3700 8.8100 72.2738
8.9200 9.3000 69.0118
9.4400 10.7800 67.0984
11.7700 12.4500 67.3229
12.7000 13.0700 60.4306
13.1600 13.5600 62.3674
13.7100 14.4300 64.0940
14.5900 14.9400 62.2731
15.0000 15.7300 60.3232
15.9100 17.5100 62.1528
19.4700 20.2000 67.1127
20.3400 20.6300 63.9407
20.7500 21.2400 66.8338
21.3300 22.5500 72.5231
22.7800 23.1000 71.4011
23.1900 23.6200 69.0903
24.0400 24.5700 72.3546
24.6800 24.8200 68.4436
24.9600 26.1400 66.6599
26.7000 27.3400 66.5311
27.5200 27.8000 61.5845
27.9500 28.3000 63.0954
28.5100 29.2700 64.4598
29.7000 30.0200 61.3443
30.1200 32.0300 59.5949
33.9200 34.6600 68.9672
34.7500 35.3800 72.8374
35.4600 36.3600 72.7457
36.9500 37.5100 72.0512
37.6900 37.9300 69.7988
38.0600 38.3800 72.0248
38.4100 39.2900 72.8164
39.7000 40.1000 70.0853
40.2600 40.5700 72.0770
40.6100 40.9000 73.0070
40.9900 41.2600 69.7233
41.3300 41.5600 69.7366
41.7100 42.0000 67.6735
42.0700 42.3600 64.6471
42.4200 42.7400 61.1019
42.8400 44.6400 81.6959
45.4900 46.0900 67.3853
46.1800 46.4600 65.0258
46.6100 46.9200 68.2392
47.0200 47.7200 72.6812
48.1000 48.3500 71.7483
48.4700 49.0900 69.3505
49.2300 49.6300 72.4318
49.7300 49.8600 69.6342
49.9800 50.9900 67.2159
51.4900 52.0400 67.1380
52.2000 52.5000 62.0932
52.6000 52.9500 63.4168
53.1200 54.0400 65.2051
54.3900 54.7100 58.6825
54.7600 56.5600 59.4391
