1.1300 1.6900 67.0988
1.7400 2.0000 69.3216
2.1000 2.3900 70.9993
2.4500 2.9200 72.4329
3.7600 4.0200 74.8406
4.1000 4.3600 75.9730
4.4500 4.6700 74.0377
4.7300 5.0000 71.9187
5.1900 5.6900 71.0004
6.4600 6.9800 65.8009
7.1100 7.3500 65.5979
7.4500 7.6600 69.1030
7.7800 8.3200 67.2013
8.4500 8.7100 65.2301
9.1400 9.3500 64.0719
9.3800 9.6600 62.3233
9.7200 9.9600 64.8309
10.0500 10.3000 65.7910
10.4300 11.1300 67.4286
11.8000 12.4000 67.3696
12.4500 12.7000 69.8465
12.7900 13.0800 71.8330
13.1200 13.7600 72.4146
14.4900 14.7700 74.8784
14.8500 15.1300 76.0889
15.1700 15.4500 74.0506
15.5000 15.7900 72.1445
15.9100 16.5000 71.0632
17.2200 17.7800 69.3322
17.8300 18.0800 69.5465
18.1900 18.4300 71.7898
18.4900 19.0100 72.4401
19.1400 19.4300 67.6716
19.8400 20.1300 65.1212
20.1900 20.4600 64.1739
20.5300 20.8500 62.3575
20.8700 21.1800 64.2950
21.2100 23.4200 47.9149
