1.4000 2.0500 67.1514
2.1400 2.3900 69.1586
2.5100 2.8000 70.5947
2.8700 3.3700 71.2877
4.4600 4.7200 73.3248
4.7900 5.0300 71.0457
5.2000 5.4300 70.3296
5.5000 5.7500 67.7328
5.9400 6.5200 66.0959
7.4500 8.0300 64.1879
8.1900 8.4700 64.6057
8.5400 8.8000 68.5375
8.9600 9.4900 66.2921
9.6600 9.9600 64.0610
10.4600 10.7200 63.1619
10.8200 11.0800 61.6838
11.1800 11.3900 62.6663
11.5200 11.7500 64.1176
11.9000 12.3500 66.9690
13.4900 14.1300 66.1784
14.2200 14.4100 68.3562
14.5700 14.8200 69.8051
14.9100 15.4900 70.8297
16.7000 16.9200 73.5942
17.0200 17.2800 75.2444
17.3300 17.6000 73.3763
17.6800 17.9200 47.6987
19.1300 19.5000 54.8672
19.6200 20.1800 63.8826
20.3100 20.5900 67.8238
20.7600 20.9900 59.8754
21.1200 21.6400 71.1098
21.8700 22.2300 45.4245
22.8000 23.1100 64.0933
23.2200 23.4800 63.4408
23.5800 23.8500 61.2955
23.9700 24.2100 54.8672
24.3700 25.2800 59.4666
