1.3500 1.8600 66.3056
1.9300 2.1300 68.1179
2.3000 2.5200 69.6899
2.6000 3.1500 70.9930
3.7500 3.9700 73.3460
4.0300 4.2800 71.3201
4.4800 4.6300 70.9690
4.6700 4.9400 68.2955
5.0900 5.5900 66.3838
6.2300 6.6200 64.1814
6.7800 6.9900 64.8861
7.0700 7.2800 68.8320
7.4100 7.8500 67.0374
7.9800 8.4100 64.3778
8.5000 8.7000 64.1242
8.7900 9.0000 61.7303
9.0600 9.2400 64.0458
9.3500 9.5300 65.3264
9.6800 10.0700 66.8983
10.7400 11.0700 66.6470
11.2000 11.3900 68.8444
11.5400 11.7300 70.4522
11.8000 12.2300 71.6282
12.8800 13.0700 73.7142
13.1500 13.3400 74.8005
13.4300 13.6100 73.3487
13.6600 13.8800 71.4424
14.0400 14.4900 70.8509
14.9800 15.4800 68.9471
15.5200 15.7400 68.7024
15.8500 16.0200 70.6832
16.1100 16.5300 71.5102
16.6400 17.0400 66.5559
17.1600 17.3600 64.9390
17.4000 17.5800 64.3352
17.6900 17.8800 62.3479
17.9300 18.1200 64.2392
18.2600 18.6600 59.7919
