1.6500 1.9300 55.4879
2.0500 2.3500 55.3342
2.4500 2.7300 60.3098
2.8600 3.1900 55.3666
3.2500 3.5500 52.2497
3.6900 4.0200 55.6219
4.1400 4.6100 60.5194
4.9500 5.2700 60.3115
5.3100 5.6500 57.3313
5.8200 6.1400 54.0781
6.1800 6.4900 56.9678
6.6300 7.1400 60.5739
8.3200 8.6600 57.2046
8.6800 9.0000 57.0607
9.1300 9.4000 60.5935
9.4400 9.7700 56.9970
9.9600 10.2000 53.0437
10.3100 10.5900 57.4428
10.7900 11.1600 55.3190
11.7000 11.9900 55.4441
12.0200 12.3700 52.4726
12.5200 12.8100 48.6675
12.8900 13.1700 52.1085
13.3600 13.7500 55.1934
15.0500 15.3100 51.9670
15.4600 15.7400 55.0311
15.8600 16.0900 60.3763
16.2700 16.5400 54.9825
16.6500 16.9100 60.3225
17.0100 17.2900 60.1859
17.4500 17.8100 55.1659
18.3100 18.5900 55.8617
18.6300 18.9600 52.3787
19.0800 19.3500 48.1564
19.4500 19.7100 52.5549
19.9000 20.3100 55.0443
21.6600 21.8900 52.7891
22.0400 22.3200 55.6162
22.4300 22.6700 60.1564
22.8100 23.0600 54.9806
23.1900 23.4300 60.5775
23.5300 23.8000 60.0578
23.9900 24.2200 54.8171
24.8700 25.2000 65.1104
25.6300 26.0400 64.6379
26.4800 26.7300 56.7046
