1.7500 3.0400 52.8859
3.2000 3.7500 55.5875
3.9000 5.7200 50.4527
5.8900 7.1200 64.3174
7.2700 7.8100 48.9985
8.0100 9.4700 55.0163
10.2700 11.6300 55.7298
11.7500 12.3500 52.6747
12.4300 13.7000 50.7475
13.8700 14.4000 48.3691
14.5400 15.9000 45.2926
16.0300 16.6400 48.0877
16.7300 18.2100 50.5194
19.0100 20.2600 52.7606
20.4300 21.0000 52.7891
21.1500 22.4700 50.6182
22.5800 23.0800 52.4235
23.2500 23.8000 48.0872
23.9000 24.4900 48.1990
24.5400 25.1200 49.5875
25.2300 26.6200 57.3730
27.3200 28.5700 62.3524
28.7300 29.3800 48.4006
29.4500 30.1600 50.3418
30.2200 30.7300 52.2483
30.8800 31.4400 55.0024
31.5700 32.1000 50.2595
33.1000 33.6800 52.3906
33.8200 35.2100 48.5562
