1.4600 2.7800 52.3545
2.9300 3.4200 55.1091
3.5500 5.3500 50.3163
5.5500 6.7900 57.5972
6.9400 7.4800 48.9228
7.6400 9.0200 55.3756
9.8700 11.1600 55.0512
11.2400 11.8800 52.3293
11.9700 13.3100 50.3105
13.4100 13.9100 48.1909
14.0200 14.8800 57.2552
15.5000 16.0800 48.2806
16.1600 17.5900 50.2069
18.2600 19.5000 52.1653
19.5500 20.1200 52.2479
20.2200 21.5000 50.1544
21.5900 22.2500 51.8725
22.2700 22.8000 47.9121
22.9300 23.4700 48.1943
23.5500 24.0900 49.4142
24.2300 25.5600 34.2746
26.2500 27.5700 54.9107
27.6900 28.3000 47.7788
28.3600 28.9700 49.9903
29.0900 29.6300 52.2048
29.7600 30.3800 55.1481
30.4600 30.9000 49.8347
31.9000 32.4300 52.3748
32.5900 33.9300 48.2691
