1.8200 2.3400 70.5812
2.4500 2.8900 73.4454
3.0500 3.5400 75.5865
3.6500 3.9000 75.3538
3.9600 4.2200 73.8154
4.3200 4.8600 75.5003
4.9200 5.4400 70.8485
5.6200 6.3100 69.1372
6.8400 7.2900 71.1723
7.4000 7.8600 73.7630
7.9800 8.4300 75.8482
8.5300 8.7500 76.2411
8.8100 9.0400 74.2155
9.1500 9.6100 75.8772
9.6800 11.0200 71.6014
11.4600 11.9600 71.6938
12.0400 12.5200 74.4727
12.6400 13.0900 76.4166
13.2100 13.4300 75.9187
13.4900 13.7300 74.5576
13.8300 14.3400 75.9048
14.3800 14.8400 70.9111
14.9700 15.5500 69.0383
16.1600 16.6700 74.3117
16.7600 17.2500 71.3042
17.4000 17.5700 70.3221
17.6200 17.8500 71.6481
18.0000 18.1900 69.4193
18.2400 18.4800 68.0197
18.6500 19.1200 69.8281
19.2800 20.3300 63.6044
21.1600 21.6300 63.2998
21.7900 23.0200 69.4022
23.5500 24.0600 74.7767
24.1400 25.2900 71.7187
25.8000 26.0100 70.5266
26.0800 26.2600 68.1921
26.4000 27.5900 64.5339
28.3100 28.7900 73.8314
28.8500 29.3500 71.1894
29.5100 29.7000 69.8868
29.7400 29.9800 70.9909
30.1200 30.3000 69.0663
30.3600 30.5800 66.9928
30.7500 31.2600 69.5189
31.3700 32.1500 64.6735
32.5500 33.0000 62.9546
33.1300 34.4800 64.4294
