0.7500 1.4400 64.2416
1.6300 2.3700 64.2729
2.5000 3.6400 64.1114
3.8100 4.1100 67.3427
4.2800 4.5600 65.2960
4.7500 5.0300 62.6925
5.1700 5.5000 65.0496
5.6200 5.9200 69.4307
6.1300 6.6000 67.2401
6.9800 7.3200 67.6241
7.8900 8.2500 73.0090
8.4100 9.1500 72.7678
9.3300 9.6400 71.6180
9.7600 9.8800 69.7837
10.0500 11.0600 69.6216
11.1600 11.4600 67.2559
11.6700 11.9600 67.5047
12.0900 12.3900 65.2125
12.5300 12.8500 65.3305
12.9200 13.2200 64.9432
13.4000 13.8100 67.1920
13.8900 14.1100 64.2799
14.2500 14.6000 62.0853
15.2000 15.9600 64.8678
16.0600 16.9000 64.6901
16.9300 17.9700 64.6541
18.2500 18.4900 67.6267
18.6800 19.1400 65.5499
19.6600 20.0000 65.9436
20.1200 20.3900 69.5197
20.5800 21.0800 67.6693
21.1500 21.3100 64.9390
21.4600 21.8000 67.8091
22.3400 22.5900 73.0307
22.7400 23.0200 68.1016
23.1900 23.4900 67.8407
23.6400 23.9500 64.5849
24.1300 24.4100 63.4079
24.5200 24.8200 69.8087
24.9800 25.0800 67.2632
25.1900 25.3000 66.2234
25.4000 25.5500 64.5145
25.6000 25.7800 62.5311
25.8700 26.2800 60.5074
26.7400 26.9200 62.9686
26.9400 27.1600 61.6528
27.5500 27.7800 64.7042
27.7900 28.0500 62.6869
28.0500 28.2800 60.8316
28.2900 28.4300 62.2440
28.5300 29.4200 60.6053
