0.5000 1.2900 64.3692
1.3200 2.0200 64.5332
2.1600 3.2900 64.3764
3.4400 3.7500 67.1441
3.8900 4.2200 65.3365
4.2800 4.6300 62.3551
4.7600 5.1000 65.2293
5.2000 5.4800 69.1567
5.6500 6.1100 67.2632
6.2100 6.3500 64.2670
6.5100 6.9300 67.2836
7.4400 7.7800 73.0042
7.8900 8.6700 72.7708
8.8200 9.1300 72.0811
9.2000 9.6100 69.6989
9.6700 10.4300 69.6584
10.5800 10.8400 67.4871
11.0200 11.3000 67.4965
11.4200 11.7200 65.8486
11.8700 12.2000 65.5111
12.3200 12.6200 64.7766
12.7800 13.2500 67.5088
13.3700 13.5800 65.2135
13.7100 14.1000 62.7613
14.6500 15.3400 64.9390
15.4800 16.3200 64.9278
16.3600 17.4700 64.9868
17.6200 17.9100 67.8540
18.0400 18.3400 65.8691
18.4300 18.7700 62.8485
18.9100 19.2500 65.7172
19.3400 19.6000 69.4773
19.8000 20.3000 67.3716
20.3300 20.4900 64.7766
20.6300 20.9600 67.7263
21.5100 21.7500 72.9279
21.9000 22.1600 67.6368
22.3300 22.6300 67.7316
22.7000 23.0700 64.6975
23.1500 23.5300 63.0059
23.6400 23.9100 69.7353
24.0600 24.1700 67.8038
24.2500 24.3600 65.9064
24.4600 24.6000 64.6632
24.6200 24.8000 63.1749
24.9000 25.2600 61.3431
25.8000 25.9200 65.2447
25.9800 26.1100 63.5570
26.1900 26.3700 61.4337
26.4200 26.5400 63.1591
26.6200 27.8200 61.3297
