0.9300 1.6900 47.5317
1.7800 2.2500 47.8843
2.2600 2.6300 49.8761
2.7700 3.5800 52.9681
3.6600 4.0900 50.1722
4.1800 4.5400 47.6601
4.6400 7.0500 47.7843
8.3200 9.0700 47.5298
9.2000 9.6200 47.7360
9.6600 10.0500 49.4381
10.1400 10.9600 53.5392
11.0500 11.4600 50.3426
11.5300 11.8700 47.6549
11.9700 14.5000 47.9027
15.6600 16.9500 47.7659
17.0000 17.3700 49.7313
17.4600 18.8500 53.1962
19.3000 20.0000 52.8972
20.1000 20.5000 49.4855
20.5800 20.9300 52.9680
21.0500 22.3000 54.7505
22.9400 24.1100 54.7649
24.2300 24.6200 49.5896
24.7100 25.5700 72.3374
25.6500 26.0700 50.1262
26.1500 26.5000 47.9535
26.6300 28.9000 48.0281
