1.0000 1.5200 64.1214
1.6400 2.0900 66.8095
2.2300 2.9800 59.3001
3.3800 3.9200 61.2108
4.0100 4.4200 63.3783
4.5700 5.2300 54.6263
5.7200 6.2400 59.6912
6.3400 6.7700 62.1430
6.9500 7.3700 64.1827
7.5200 8.0100 66.8326
8.1400 9.7700 61.9130
10.4400 10.7700 64.2998
10.9100 11.2400 66.9597
11.3500 12.0900 59.6337
12.1900 12.4900 61.5648
12.5600 12.7700 63.3851
12.9500 13.4400 56.7938
13.8000 14.0800 61.4815
14.2300 14.5000 54.5157
14.6300 14.9300 61.6452
15.0300 15.3500 63.7867
15.4200 16.4900 59.3836
17.2200 18.8700 69.1456
19.0600 20.7400 67.1669
20.8500 22.4400 69.0632
22.6200 23.5900 60.2804
24.2600 24.9000 64.3427
24.9800 25.5800 57.3046
25.7000 26.2600 64.4099
26.3800 27.0000 67.3873
27.1100 28.8500 62.0467
29.5000 30.1200 64.2967
30.2800 30.7700 66.9953
30.9100 32.0000 59.9070
32.1000 32.6800 61.9179
32.7600 33.2100 63.7419
33.3700 34.1000 56.7283
34.6600 35.1700 62.0932
35.3500 35.7900 55.0801
35.9400 36.4500 61.9558
36.6300 37.1400 63.9933
37.3000 39.1500 59.9810
