0.7500 1.1500 64.9017
1.3100 1.6700 68.4886
1.7900 2.4700 60.6758
2.7900 3.1900 62.7951
3.3000 3.6700 64.7281
3.8500 4.4200 55.7634
4.8800 5.2800 61.1606
5.3300 5.7400 62.8738
5.8600 6.2100 65.0897
6.3600 6.7600 68.1253
6.8400 8.5800 62.9488
9.2400 9.5900 64.7724
9.7600 10.1400 67.5345
10.2300 10.8300 60.5949
11.1900 11.5800 62.9092
11.6900 12.0200 64.6843
12.1600 12.7100 57.3737
13.0800 13.4900 62.9502
13.6600 14.0700 55.8701
14.1300 14.5000 62.7708
14.6200 15.0000 64.9804
15.1200 16.3200 60.7586
16.9300 17.7800 69.8162
17.9800 18.5400 67.6098
18.9600 19.7900 69.7714
20.0000 20.5300 60.9787
21.0200 21.4200 65.1930
21.9900 22.3800 64.6524
22.5500 22.9200 55.4947
23.0300 23.4000 64.9408
23.5600 23.9600 67.8421
24.0300 25.1600 62.8158
25.7700 26.1400 65.1895
26.3100 26.6600 68.0584
26.7800 27.3200 60.8993
27.7200 28.1400 63.2930
28.2400 28.6000 65.3885
28.7300 29.3100 57.8971
29.7000 30.0600 63.1591
30.2300 30.6500 56.5440
30.7200 31.1300 63.2837
31.2100 31.5900 65.5899
31.7000 33.2500 61.3618
