0.9500 1.2300 59.6068
1.3600 1.7200 59.9713
1.7900 2.1000 62.5496
2.2100 2.5000 64.7206
2.6200 2.9600 60.0324
3.0900 3.4500 64.2481
3.4900 3.7500 62.0492
3.9100 4.2200 56.3825
4.3300 4.6300 60.0220
4.7300 5.1100 60.4361
5.1500 5.4600 62.5108
5.5800 5.8700 65.0607
6.0000 6.3900 60.3131
6.8700 7.1400 59.8193
7.6500 7.9500 60.0110
8.0300 8.3900 60.7416
8.4500 8.7500 63.5071
8.8500 9.1100 64.9277
9.2500 9.5100 66.0447
9.6700 9.9700 65.2064
10.1000 10.3500 62.8563
10.4800 10.8000 60.7339
10.9400 11.1600 59.8142
11.3200 11.6500 75.2554
11.7000 11.9300 58.3388
12.0700 12.1600 60.1455
12.5300 12.9600 60.3174
13.2800 13.6400 60.4614
14.0900 14.5000 67.5807
14.6500 15.0700 67.8722
15.2200 15.5200 64.9721
15.5900 15.8700 67.5158
16.0200 16.2800 69.8653
16.3700 16.7000 70.6709
17.1800 17.6100 64.4394
17.6800 17.8000 67.2087
17.9300 18.1400 64.2054
18.3000 18.6200 62.3551
18.7200 19.3700 61.5220
19.5000 19.8000 64.6701
20.2600 20.7200 67.0099
20.8700 20.9900 69.6421
20.9900 21.2700 67.6928
21.4100 21.7400 64.9007
21.8000 22.0700 67.3480
22.2400 22.5100 69.6460
22.6000 22.9200 70.2952
23.0000 23.0900 66.5755
23.4200 23.6900 64.3198
23.7800 24.0700 70.0529
24.2300 24.5000 69.4118
24.6000 24.9500 72.1455
25.0100 25.4800 70.6942
25.7500 26.1500 70.8027
