0.2600 0.8000 60.8598
1.0100 1.9400 66.1459
2.1900 2.5500 70.7214
2.7200 3.5700 66.3181
4.4100 4.8000 66.0625
5.0200 5.7600 70.6755
5.8700 7.1400 68.5204
8.0300 8.5200 66.1426
8.5900 9.0200 68.0913
9.2500 9.6000 70.7289
9.8000 10.8900 63.5749
11.4100 12.5900 61.5244
12.8300 13.2900 69.8774
13.3900 14.4600 67.9329
15.0600 15.3700 70.0613
15.5600 16.8800 65.9753
17.2200 17.6300 62.5953
17.7900 18.8100 66.0347
18.9200 19.4100 62.7735
19.5000 20.9800 61.0369
21.5800 21.9600 70.1432
22.0800 23.4500 67.6941
24.3500 24.7500 65.7947
24.8700 25.2600 67.9470
25.4800 25.8100 70.0480
26.0300 27.0100 63.1996
27.5700 28.7500 60.9283
29.0200 29.3800 69.8864
29.5400 30.9900 67.6586
