1.2500 2.3400 61.1180
2.3800 3.4000 61.0873
3.6600 4.5900 66.1110
4.7400 5.5500 68.1917
5.8000 7.2800 70.1826
8.3500 8.8900 67.8185
9.1300 9.7800 65.5419
9.9700 10.8300 64.9523
11.7100 12.7300 72.5226
12.8600 14.0100 72.5802
14.0900 15.6900 72.6365
16.4900 16.9600 72.1342
17.0000 17.5200 72.7734
17.6400 19.3300 74.5589
20.1000 20.5300 67.9065
20.7500 21.1500 67.9609
21.3600 22.2700 67.7365
22.4500 23.3400 65.7921
23.5500 24.0400 67.8385
24.6200 28.7600 69.7875
30.1300 31.2300 62.8431
31.4000 32.3300 62.6308
32.5400 33.4200 67.4175
33.5500 34.3700 69.7353
34.6000 36.0900 71.6422
36.8700 37.3700 68.6665
37.5800 38.1100 65.8133
38.2700 38.9400 64.8705
39.5600 40.5100 72.4874
40.6300 41.6700 72.5784
41.7800 43.2700 72.5633
44.0400 44.5900 71.7995
44.6300 45.1100 72.4025
45.3000 46.0000 71.8657
46.9500 47.4800 69.3977
47.7100 48.6500 67.5274
48.8400 49.7300 65.4883
49.9600 50.9100 67.5380
51.0300 51.8900 69.8384
52.1100 55.7500 67.8958
