1.1000 2.3100 55.2963
2.4000 2.9300 56.8042
3.0900 3.6100 59.2204
3.6800 4.6700 60.0945
6.1100 6.6400 61.8481
6.7300 7.2000 60.2728
7.3700 7.8300 59.5379
7.9100 8.3800 56.9258
8.5300 9.4400 55.0471
10.9100 11.9000 52.4445
12.0700 12.5400 52.5300
12.6300 13.0700 57.0319
13.2400 14.1900 55.2875
14.3500 15.1100 65.1250
15.5000 16.0000 51.8084
16.0800 16.5800 49.5930
16.6600 17.0600 52.0046
17.1900 17.6300 65.0351
17.8000 19.2700 55.5062
20.3100 21.3000 55.8955
21.3700 21.8000 56.8207
21.9300 22.3800 59.2070
22.4700 23.2900 60.2556
24.5900 25.0600 62.8427
25.1500 25.6300 64.6070
25.6700 26.1500 62.9454
26.2200 26.6400 61.1359
26.8100 27.6800 60.0992
29.0500 30.0400 57.2721
30.1000 30.5500 57.4993
30.6900 31.1000 59.8546
31.1600 32.0600 72.6455
32.1900 33.0000 57.2866
33.2700 33.7300 53.1831
33.8100 34.2700 51.9802
34.3200 34.8000 49.4529
34.8600 35.2800 51.5206
35.4000 36.6600 47.9762
