1.9700 3.1800 55.8377
3.2500 3.7500 57.4315
3.9200 4.4500 59.9393
4.5400 5.6700 60.9268
7.2900 7.8100 62.5508
7.8600 8.3800 60.9573
8.5000 8.9300 60.3261
9.0200 9.5000 57.9260
9.6800 10.8600 55.9649
12.1400 13.2400 72.4070
13.4200 13.9400 53.0772
14.0400 14.5200 57.7361
14.7000 15.7900 56.1098
15.9400 17.0700 53.5641
17.1600 17.6600 52.7547
17.7400 18.2800 50.3026
18.3700 18.8400 52.0565
18.9500 19.4200 53.8399
19.5900 21.7400 56.1544
22.1300 23.2200 55.9576
23.2800 23.7700 57.4019
23.8900 24.3700 59.9449
24.4400 25.5500 60.8016
26.8400 27.3600 62.4996
27.4300 27.9500 64.7025
28.0000 28.5300 62.7673
28.5700 29.1000 60.9606
29.2200 30.1700 60.3501
31.5500 32.8300 57.5584
32.8800 33.3900 58.0413
33.5200 34.0000 60.2762
34.0800 35.1200 60.9155
35.3200 36.0600 55.9616
36.5000 37.0600 52.6430
37.1300 37.6400 52.1386
37.7000 38.1900 50.5671
38.3100 38.7800 52.3057
38.8700 40.8000 48.4291
