1.0900 2.1300 56.9361
2.1400 2.5300 57.1400
2.7100 3.1300 55.2516
3.2200 4.1000 57.1786
4.2000 4.9500 60.1678
5.2600 6.1400 51.7935
6.1600 6.6800 51.9904
6.7600 7.1900 49.4936
7.3000 8.1100 51.8274
8.3200 9.0500 54.9986
9.3200 9.7300 57.0472
9.7900 10.2200 56.9974
10.2900 10.6500 57.1986
10.8200 11.2500 55.2777
11.3200 12.1800 57.2202
12.2900 12.6400 72.0344
12.7400 13.1100 59.3878
13.2600 14.1500 51.4921
14.2100 14.5700 51.7019
14.7100 15.1000 49.6971
15.2000 15.9700 51.8536
16.1800 16.7900 55.2236
17.1700 18.0600 47.9436
18.1600 18.6100 47.8647
18.6500 19.0000 49.9426
19.1400 20.0000 47.9586
20.0900 20.5800 47.9446
20.6300 21.0000 50.1538
21.1100 21.9500 52.0736
22.0900 22.9800 49.9090
23.0700 24.0000 52.0719
25.0400 25.3800 56.7469
25.4800 25.8900 56.9106
25.9800 26.3100 56.9967
26.4800 26.8600 54.6402
26.9400 27.6300 56.8435
