1.7800 2.6800 59.2833
2.8600 3.6700 58.3900
3.7500 4.6500 56.0705
4.7500 6.5400 54.0726
6.6300 7.4600 51.2032
7.6000 8.0000 46.9640
8.1300 8.5200 49.0287
8.6100 9.9100 51.0919
10.5100 11.3600 58.9020
11.5300 12.3100 57.7807
12.4500 13.1700 55.3100
13.3600 15.0500 53.3119
15.1400 15.5000 50.2179
15.6200 15.9900 46.2782
16.1400 16.5600 45.5470
16.6300 16.9800 48.6340
17.0900 18.3800 46.9323
19.0300 19.4200 47.4196
19.5300 19.8400 51.2840
20.0300 21.4200 53.7242
21.8700 22.2000 48.4436
22.3500 22.7500 51.6662
22.8300 24.1300 51.2237
24.6900 25.0900 46.7976
25.1800 25.5100 50.5751
25.6500 27.0000 53.5341
27.4000 27.7800 45.9592
27.8400 28.2200 48.8631
28.3200 29.6100 46.7720
30.2200 31.0100 58.6807
31.1600 31.9000 57.9367
32.0300 32.7100 55.4417
32.8800 34.5000 53.3325
34.5600 35.3300 50.5459
35.4600 35.8900 46.1468
35.9300 36.3600 48.7283
36.4000 37.5700 50.5446
38.2000 39.0000 58.8646
39.0900 39.8100 57.7884
39.9300 40.5900 55.0788
40.7700 42.0000 52.9797
42.5400 43.3300 47.9420
43.5300 43.8700 45.1956
43.9000 44.2400 48.2599
44.3500 45.7400 46.6396
