0.4300 2.1000 59.4820
2.2100 2.5700 61.6072
2.6400 3.0500 60.1605
3.1300 3.4200 61.4787
3.5200 3.8400 63.2873
3.9700 4.7200 59.4829
4.8400 5.5800 71.5618
5.7400 6.3400 66.5569
6.5600 6.9400 63.0633
7.4700 8.7300 64.4075
9.2600 9.6000 64.6574
9.6800 10.0400 62.5703
10.1500 10.4500 63.9099
10.5800 10.9300 65.0300
11.1600 11.5600 61.3698
12.0000 12.4000 66.9860
12.4600 12.8100 69.3393
12.9800 13.2500 66.7902
13.4000 13.7400 64.2918
13.8700 14.1800 63.7397
14.3200 14.6400 61.5598
14.7700 16.0000 59.2853
16.5000 16.8600 61.9039
16.9400 17.3700 59.8899
17.4500 17.7300 61.9430
17.8600 18.1500 63.8951
18.3400 19.2500 64.7930
19.8600 20.2100 68.7257
20.3900 20.7300 67.5169
20.8100 21.0800 68.8439
21.2300 21.5000 70.4916
21.6600 22.3800 72.0140
22.5200 22.7600 69.0663
22.9600 23.2500 66.9076
23.3900 23.6400 66.8721
24.2200 24.5000 67.8806
24.6200 24.9500 64.2454
25.0900 26.6500 64.6590
26.8900 27.8400 59.1876
