1.4400 2.4000 57.7889
2.5000 3.5600 57.9920
3.6300 4.7800 60.0771
4.8300 5.8900 60.3363
6.0300 7.0000 62.3126
7.1400 8.1800 62.3855
8.3400 9.4100 63.3301
9.5400 10.2400 63.2633
10.8200 11.7800 65.0007
11.9700 13.0000 64.9551
13.1200 14.1800 66.6536
14.2800 15.0000 66.5998
15.5300 16.5200 68.9567
16.7000 17.7600 69.4955
17.8600 19.0300 70.1549
19.1200 19.8700 70.2640
20.4100 21.4600 69.3200
21.6100 22.6500 69.0442
22.7900 23.9000 66.8978
24.0400 24.7400 66.9901
25.3000 26.2700 64.8965
26.4400 27.5400 65.1343
27.6900 28.7600 63.6737
28.9200 29.6000 63.6226
30.1200 31.2200 62.6797
31.3200 32.3900 62.6243
32.5700 33.6200 60.4447
33.7000 34.8100 60.5340
35.0400 39.6900 58.2709
