0.6600 1.4400 64.0205
1.7000 2.0600 67.0782
2.1200 3.1700 62.2908
3.7000 4.6600 57.2311
4.8200 5.1500 60.0578
5.4000 6.0400 55.5762
7.0600 7.8900 66.6898
8.0000 8.3700 64.3976
8.4400 9.1600 62.2112
9.2800 9.6500 60.4697
9.8600 10.6400 57.1826
10.8000 11.1700 60.3033
11.3400 12.2500 62.0694
12.8600 13.7700 64.2411
13.8000 14.2300 64.3624
14.3500 15.2200 62.4280
15.3600 15.7000 64.4736
15.8700 16.2400 60.7232
16.3500 16.7500 60.6690
16.8900 17.2200 62.4343
17.4300 18.2900 57.2771
19.0100 19.8400 55.6942
20.0000 20.4100 60.3736
20.5300 20.9100 67.6546
21.0200 21.3800 65.2932
21.6800 22.4400 63.1246
22.5300 23.1000 63.1421
23.1900 23.5700 61.5744
23.6800 24.3200 61.4087
