3.7300 5.1600 67.0084
5.1900 6.5900 66.7341
6.6600 7.7100 68.2820
7.9200 8.9000 68.2763
9.3000 10.5400 69.7056
10.6200 11.7800 69.7074
11.8900 13.1400 69.8847
13.2500 14.2200 69.7491
14.7400 16.0900 71.2037
16.2000 17.2700 71.0611
17.6900 19.0000 72.1079
19.0300 20.0300 71.9378
20.4800 21.8100 71.2635
21.9400 23.2000 70.8091
23.2500 24.6200 70.5971
24.6900 25.4800 70.2174
25.9900 27.3200 69.5033
27.4100 28.4000 69.2893
28.7600 30.0000 67.9119
30.0100 30.9100 67.6695
31.3600 32.6500 66.2337
32.7500 33.8500 65.6298
34.0100 35.1400 63.8528
35.2500 36.1300 63.1755
36.5200 37.6900 62.4974
37.7200 38.6400 63.0022
39.0400 40.2600 62.0744
40.4400 41.7400 62.3369
41.8200 46.6500 60.5239
