0.0600 0.8400 67.0549
0.9800 1.3600 59.0717
1.4000 1.8300 61.1648
1.9000 2.2300 63.2462
2.3500 2.6700 64.4342
2.8400 4.5000 66.6673
4.6900 5.1800 58.7629
5.5800 6.4200 68.5125
6.5400 6.8400 63.8967
6.9500 7.3700 66.3046
7.4000 7.6900 68.6605
7.8300 8.2000 70.4302
8.3000 9.7600 71.4725
10.0200 10.5300 59.6781
11.0600 11.7700 64.9111
11.9200 12.2500 67.0810
12.3500 12.6900 64.9734
12.7700 13.0900 63.9742
13.1800 13.5700 62.0848
13.6600 14.2000 63.9867
14.5600 14.8900 64.8508
14.9800 15.3800 64.2264
15.4400 15.7600 61.6354
15.8500 16.1200 59.8618
16.4400 17.2100 58.9288
17.3500 17.7200 59.6382
17.8000 18.1600 61.4019
18.2300 18.5400 63.4844
18.6600 19.0400 58.8492
19.1400 19.4300 61.4566
19.5700 19.9200 66.1149
20.0700 20.4600 58.5472
20.5400 20.8900 60.6494
20.9700 21.3100 62.5022
21.4300 21.7400 63.2915
21.9000 22.3600 66.1081
22.8300 23.2100 58.9901
23.2500 23.6100 61.0510
23.7000 24.0400 63.1775
24.1300 24.4300 64.1632
24.5600 26.2400 66.3138
26.3800 26.8300 58.6416
27.3000 28.1100 68.1526
28.2400 28.5200 63.3832
28.6500 29.0200 65.9215
29.0700 29.3500 68.0809
29.5200 29.8900 69.8246
29.9600 31.5000 70.9159
31.7100 32.1400 58.9550
32.6800 33.3500 64.9276
33.4900 33.8100 67.0463
33.9100 34.2600 64.8725
34.3500 34.6700 63.6289
34.7500 35.1100 61.5468
35.2000 35.6700 63.7469
36.0300 36.3300 64.4790
36.4200 36.7700 63.7730
36.8500 37.1600 61.3122
37.2400 37.6400 59.3584
37.7400 38.3100 61.3202
38.5900 38.9700 63.8614
39.0400 39.4000 61.4558
39.4900 39.7800 58.9977
39.9600 40.3000 58.2633
40.3900 42.2400 59.1378
