0.8100 1.2200 59.0391
1.2700 1.6200 67.9600
1.8300 2.1200 65.7776
2.2800 2.7200 64.4278
2.8600 4.5200 60.1035
5.1300 5.6400 60.1181
5.7400 6.0900 67.5831
6.2500 6.6000 65.4335
6.7700 7.1700 63.8844
7.3100 8.8000 60.6076
9.5100 9.9600 61.4314
10.1400 10.5700 69.0288
10.6500 11.0200 67.0018
11.1900 11.6800 65.0712
11.8100 13.6400 62.7891
14.0700 14.4700 72.1083
14.6100 14.9800 71.2378
15.2000 15.5000 70.1250
15.6600 16.1400 65.9796
16.2500 18.0000 68.8118
18.4700 18.9300 60.3673
19.0500 19.3800 67.6521
19.5600 19.9500 65.8010
20.1000 20.5800 64.8225
20.7100 22.0200 59.5653
22.9200 23.4400 60.3861
23.5500 23.9000 69.1086
24.1000 24.3900 66.0194
24.5600 25.0300 64.1839
25.1200 26.4600 60.7933
27.4200 27.8200 61.0887
27.9900 28.4000 70.0421
28.4600 28.8000 67.7034
29.0000 29.3700 66.0903
29.5000 29.9800 72.6526
30.0800 30.5600 72.4860
30.7000 31.4000 72.4387
31.8000 32.2200 74.5498
32.3500 32.7100 72.2420
32.9100 33.2500 70.7584
33.4600 33.8500 66.3395
34.1100 35.3400 64.7686
