0.8700 1.6100 58.8878
1.7900 2.1700 58.5400
2.1900 2.5400 61.3341
2.7500 3.4500 63.4225
3.6300 3.9600 60.7658
4.0800 4.4000 59.0915
4.5500 5.8700 58.8280
7.5100 8.3900 58.3547
8.5200 8.9200 58.2782
8.9700 9.2900 60.9317
9.4900 10.2700 63.2837
10.4700 10.7900 60.5484
10.9200 11.2300 58.7896
11.3700 12.4600 58.7186
13.7300 14.6100 58.1157
14.7900 15.0900 60.6494
15.3100 16.1000 63.6694
16.5700 17.2600 63.4834
17.4700 17.7600 60.2278
17.9400 18.2300 63.3857
18.4800 19.1400 65.6478
19.8100 20.6600 65.5827
20.8600 21.2200 60.0882
21.3900 21.7000 63.4277
21.7900 22.1600 60.2731
22.2800 22.5800 58.3190
22.7000 23.6200 58.5435
