3.0000 3.7400 61.1953
3.9000 5.1700 66.8197
5.3500 5.9600 70.6557
6.1600 7.4200 66.9298
8.3700 9.8000 66.9373
9.9700 10.6500 70.5701
10.7200 12.0200 68.6954
13.0100 13.7300 66.9483
13.8000 14.3700 68.8220
14.5400 15.1200 70.3132
15.3300 16.7700 63.8365
17.5200 18.9400 61.6832
19.1300 19.7800 70.3956
19.8200 21.1500 68.6951
21.7700 22.0300 70.1636
22.2300 23.9700 66.6267
24.0700 24.3500 63.5947
24.5100 25.8600 66.7238
25.9900 26.6700 63.4970
26.6900 27.6600 61.5413
28.3600 29.0000 70.5205
29.0600 30.3000 68.8114
31.3700 31.9600 66.7225
32.1200 32.6700 68.7686
32.8600 33.4700 70.5024
33.6500 34.9600 63.6461
35.8900 37.2400 61.7851
37.4500 38.1700 70.6775
38.2800 39.4200 68.9414
