1.1700 1.7600 66.8619
1.9200 2.2300 59.4755
2.2600 2.5500 62.1690
2.6200 2.8800 64.1814
2.9800 3.3200 65.4220
3.4200 4.4300 66.8538
4.5700 5.0100 58.7992
5.4600 6.0500 68.4537
6.1800 6.4300 64.9788
6.5500 6.8300 67.2588
6.8800 7.1600 68.8419
7.2600 7.5600 70.7466
7.6600 8.6800 71.5276
8.8500 9.2700 58.5536
9.8900 10.5300 64.4787
10.6600 10.9100 66.2165
10.9900 11.2900 64.4993
11.4100 11.7200 63.4077
11.7800 12.1100 61.7278
12.2000 12.5400 63.3322
13.0300 13.3300 64.5343
13.4000 13.7300 63.5076
13.7800 14.0800 61.4942
14.1800 14.5000 59.2506
14.5800 14.9400 61.6072
15.4100 15.7400 59.3458
15.7700 16.0900 61.3366
16.2000 16.4400 63.4025
16.5600 17.0700 60.4257
17.6700 18.2700 61.5586
18.4900 18.8700 66.7075
19.3200 19.6000 58.3032
19.6600 19.8900 61.6063
20.0000 20.3000 63.3981
20.4500 20.6900 64.8364
20.8400 21.4100 66.5755
21.9100 22.3000 59.1412
22.9300 23.2300 59.6631
23.2700 23.5100 62.2052
23.6100 23.8900 63.8376
24.0100 24.2600 64.5618
24.4300 25.0200 66.9433
25.1700 25.4800 59.0009
25.9600 26.5600 68.5699
26.7100 26.9600 64.7780
27.0700 27.3600 67.0683
27.4000 27.6800 68.6683
27.8200 28.1000 70.4287
28.1900 28.7900 71.1989
29.0000 29.2900 59.7126
29.8100 30.4000 64.6202
30.5600 30.8000 66.4771
30.9300 31.2100 64.6582
31.3400 31.6300 63.6508
31.7000 32.0200 61.7502
32.1100 32.3600 63.8850
32.8400 33.1500 64.6485
33.2300 33.5500 63.5790
33.6200 33.8900 61.4705
33.9500 34.3000 59.3281
34.3800 34.6600 61.7497
35.1800 35.4700 63.5433
35.5000 35.8100 61.2163
35.9600 36.2000 58.7649
36.3600 36.6600 58.2825
36.7300 37.8100 59.5542
