0.8600 1.3800 61.2173
1.5600 2.5900 66.9912
2.7600 3.0000 70.6791
3.1300 4.2500 66.8003
5.0200 6.1400 66.8364
6.3000 6.6000 70.6110
6.6400 7.7800 68.7997
8.5800 9.1200 66.8555
9.1800 9.6300 69.1286
9.8100 10.1500 71.0620
10.2600 11.3200 63.7444
11.9100 13.2300 61.6863
13.4300 13.6700 70.2016
13.7500 14.7300 68.6037
15.3500 15.5100 70.6172
15.6700 16.7200 66.4797
17.1700 17.4500 63.2114
17.5300 18.4800 66.5155
18.9200 19.2500 63.0624
19.3100 20.5100 61.3012
21.0400 21.2500 70.3547
21.3300 22.5600 68.3151
23.1900 23.7400 66.3809
23.7800 24.2400 68.6246
24.4200 24.7900 70.6437
24.8700 25.7500 63.4826
26.2500 27.4300 61.5637
27.9100 28.3700 70.4567
28.4400 29.5800 68.3173
