0.7400 1.4100 59.8472
1.4600 1.7200 60.0182
1.7900 2.0600 61.6464
2.1900 2.8300 64.5651
2.8900 3.1600 61.4705
3.2300 3.5200 59.7218
3.6000 5.6700 59.5073
6.3300 6.9400 59.5957
7.0100 7.2800 59.5343
7.3100 7.5800 61.4870
7.7100 8.3000 64.8345
8.3900 8.6400 61.7760
8.7200 9.0400 59.2966
9.1100 11.1400 59.5865
11.8000 12.7200 59.4036
12.7700 13.0100 61.6461
13.1500 13.9700 64.6930
14.5100 15.1200 64.5572
15.1700 15.3900 61.7195
15.5100 15.7300 64.8281
15.8800 16.8500 66.6104
17.2900 18.2300 66.4647
18.3200 18.5800 61.5209
18.7000 19.3100 64.2693
19.3700 19.6300 61.5504
19.7000 20.0000 59.5898
20.0900 21.7300 59.7098
