0.9500 1.3200 61.0865
1.3600 1.6800 69.4642
1.8000 2.0500 67.4643
2.1900 2.4800 65.0247
2.5800 3.5100 60.1769
4.0100 4.3100 60.7421
4.3900 4.6600 69.1176
4.7800 5.0500 67.1581
5.1700 5.4700 65.0073
5.5700 6.4100 59.8476
7.1100 7.3800 62.5817
7.5100 7.8500 69.7275
7.8800 8.2100 68.9540
8.3100 8.6500 66.6813
8.7500 9.6000 63.5130
10.2400 10.5600 71.3382
10.6300 10.9800 71.6209
11.1200 11.6500 69.4255
11.7800 12.1800 66.4196
12.2600 13.0300 68.3966
13.7900 14.1800 59.8365
14.3000 14.5100 68.2717
14.6300 14.9600 66.2504
15.0500 15.3700 64.3401
15.4600 16.2800 59.3535
16.9200 17.2700 59.8767
17.3900 17.6600 67.7448
17.7600 18.0500 66.3685
18.1300 18.4700 63.9913
18.5600 19.3000 61.2140
19.8100 20.1000 62.0839
20.2500 20.5200 69.4013
20.5400 20.8700 68.3666
20.9900 21.2600 66.4288
21.3500 21.6200 71.6851
21.7300 22.0400 71.4822
22.1400 22.4000 71.4538
22.9400 23.2400 73.2714
23.3200 23.6200 70.9802
23.7500 24.0500 69.0143
24.1600 24.4500 66.1633
24.5800 25.1400 63.9736
