0.7800 1.2000 62.5650
1.3700 2.3000 66.8512
2.4100 2.5400 68.3751
2.7500 3.7500 66.8381
4.6700 5.5500 66.7241
5.7200 6.0000 69.9064
6.0300 7.2000 69.0201
7.8700 8.2900 66.9781
8.3500 8.7500 69.3197
8.9000 9.2200 70.3764
9.3600 10.6100 63.9077
11.4600 12.6200 62.2217
12.7700 12.9900 69.5656
13.0100 14.1900 68.8366
14.8600 15.0700 70.3660
15.2000 16.4400 66.6096
16.9900 17.2000 63.1212
17.3100 18.2900 66.5382
18.9200 19.4800 63.2882
19.5600 20.8100 61.7541
21.0300 21.2500 70.1276
21.2700 22.3200 68.7229
23.1900 23.6200 66.4270
23.6700 24.1100 68.6848
24.2600 24.5500 70.4275
24.5800 25.8800 63.5520
26.5800 27.7400 61.7901
27.9100 28.1100 69.9992
28.2000 29.1300 68.6127
