1.6700 2.0400 60.6755
2.2600 3.3200 65.1335
3.5400 3.9400 69.3064
4.1300 5.1600 65.0616
5.9200 6.9100 64.9610
7.1300 7.5800 69.3006
7.6600 8.7700 67.2107
9.5600 10.0600 65.2478
10.1400 10.5500 67.0471
10.7400 11.2100 69.3585
11.3400 12.4500 62.3065
13.1700 14.1500 60.5565
14.3400 14.8000 69.1944
14.8500 15.7600 67.0588
16.1800 16.5800 69.4727
16.7800 17.8100 65.4053
17.9300 18.3200 62.5438
18.5600 19.5000 65.5558
19.8900 20.4000 62.8781
20.4900 21.2000 60.7849
21.8700 22.3200 69.5256
22.4000 23.4800 67.3144
24.2400 24.7400 65.1006
24.8200 25.2500 67.2182
25.4100 25.8500 69.2987
26.0100 27.0900 62.5615
28.0800 29.0800 60.5704
29.2900 29.7800 69.1772
29.8400 31.0500 66.9676
