0.8100 1.2700 62.9962
1.4000 1.9000 65.9596
2.0200 2.6500 59.1863
3.1600 3.6700 61.4629
3.7800 4.1700 63.6502
4.3500 4.9300 54.6815
5.4600 5.9900 59.3304
6.1000 6.5300 61.3371
6.6500 7.1000 63.0762
7.2300 7.7000 66.0543
7.8000 9.2400 61.2386
9.8000 10.2400 63.3919
10.3700 10.8100 66.2298
10.9200 11.5900 59.2792
12.0200 12.4800 61.2868
12.6100 13.0200 63.7126
13.1200 13.7900 57.2458
14.3200 14.8300 61.7411
15.0600 15.5100 54.0497
15.7700 16.0900 61.6828
16.2000 16.6300 63.7570
16.7400 17.6700 59.6131
18.5300 19.5400 68.7172
19.6800 19.9200 66.7382
20.7400 21.6300 68.5441
21.7900 22.4300 59.6060
22.8600 23.4900 63.8963
23.6500 24.0300 68.7743
24.1800 24.6000 63.4072
24.7800 25.2300 66.5074
25.4000 26.4400 61.4700
27.4500 27.9300 62.9061
28.0800 28.4600 66.1268
28.6000 29.1100 59.1379
29.6300 30.0600 61.0385
30.1600 30.6300 63.4309
30.8000 31.3200 55.9235
31.9500 32.3900 62.0289
32.5900 33.1500 54.1447
33.3000 33.6200 61.2240
33.7400 34.1600 63.3323
34.2800 35.0300 59.3761
