0.8200 1.4400 64.4643
1.7000 2.2700 67.1212
2.4100 3.3600 60.3893
3.9000 4.5200 62.3494
4.6600 5.1600 64.2540
5.3800 6.3000 54.8421
6.7900 7.4200 60.2204
7.4800 8.0900 62.3004
8.2100 8.7500 64.4113
8.9700 9.6000 67.1630
9.6900 11.9800 62.4045
12.6400 13.2200 64.4048
13.4100 13.9600 67.1310
14.1200 15.0000 60.2698
15.5500 16.1800 62.4171
16.3000 16.8600 64.3624
17.0000 17.8900 57.3555
18.4300 19.0300 62.4741
19.2300 19.8000 54.8630
19.9200 20.4800 62.2798
20.6200 21.1500 64.5453
21.3000 23.2900 60.3191
23.9700 25.2100 69.6322
25.4500 26.3300 67.6110
26.8000 28.0000 69.5708
28.1900 29.0800 60.2587
29.5600 30.1600 65.3281
30.2900 30.8400 69.8545
30.9800 31.5100 65.2606
31.6400 32.2000 69.8540
32.3700 34.3300 62.5140
35.0400 35.6000 64.6278
35.8100 36.3100 67.5605
36.4600 37.4600 60.6678
37.8100 38.4200 62.6570
38.5000 39.0800 64.5999
39.2200 40.0800 57.4467
40.5500 41.1400 62.7069
41.3300 41.9000 55.1092
42.0000 42.5800 62.6727
42.7200 43.2700 64.8590
43.4100 45.6800 60.3415
