1.6800 2.5700 60.4802
2.7700 3.9600 66.4060
4.2400 4.5400 70.2551
4.7500 5.7300 67.0040
6.9900 8.0600 66.8801
8.3100 8.6700 70.7420
8.8000 9.8700 68.1164
10.7500 11.1100 66.4672
11.1900 11.4600 68.1440
11.7000 12.0000 70.7407
12.1700 13.4400 62.6350
14.0900 15.0000 60.5625
15.2600 15.6200 69.9625
15.7200 16.7900 68.0207
17.8100 18.7400 70.6366
18.9600 20.1800 65.8889
21.2900 22.2200 65.0506
22.4100 23.9500 68.0920
24.0800 24.6300 64.9691
24.7100 25.6600 63.1332
25.9300 26.3000 70.8141
26.4500 27.4000 68.6239
28.6900 29.0700 66.2803
29.1400 29.5200 68.5872
29.7200 30.0300 70.5947
30.1700 31.0700 63.1315
31.7300 33.3600 61.0765
33.6900 34.0900 70.5115
34.2000 35.4300 67.8746
