1.2000 1.7800 58.3869
1.9200 2.3700 67.5851
2.5500 3.0600 65.7080
3.2000 3.7100 63.5199
3.8500 5.6000 58.9690
6.2600 6.7800 58.6745
6.8800 7.3500 67.3662
7.5300 8.0000 66.0761
8.1700 8.6700 64.2568
8.8000 10.3500 60.8259
11.0600 11.5200 61.1587
11.8000 12.2600 68.7922
12.3600 12.7900 67.9469
12.9500 13.4300 66.3005
13.5700 15.2100 63.1654
15.7800 16.2100 70.4389
16.3200 16.7400 71.1274
16.9300 17.3500 68.6999
17.5300 17.9500 66.1241
18.0500 19.6400 68.0905
20.2900 20.7900 59.1730
20.9000 21.2700 68.5804
21.4600 21.8200 66.8672
21.9900 22.4100 64.9483
22.5500 24.0700 59.5514
24.6400 25.1000 59.1241
25.2200 25.5800 67.6781
25.7600 26.1400 65.9987
26.3000 26.7200 64.1388
26.8200 28.4200 60.9891
28.9200 29.3400 61.3156
29.5500 29.9600 68.7723
30.0500 30.4200 67.5788
30.5900 30.9200 65.4234
31.0600 31.4400 70.7143
31.5900 31.9700 70.2667
32.1100 32.6600 70.6867
33.1200 33.5400 72.4893
33.6600 34.0100 70.5978
34.1900 34.5400 68.1499
34.7300 35.1200 65.2122
35.2900 36.8100 63.7024
